50 0.00022193
100 0.00025254
150 0.00027866
200 0.00025881
250 0.00134431
300 0.00025226
350 0.00038942
400 0.0003987
450 0.00034265
500 0.00031267
550 0.00027076
600 0.00027046
650 0.00032597
700 0.00027841
750 0.00029477
800 0.00032103
850 0.0003149
900 0.00026876
950 0.0002917
1000 0.00020047
1050 0.00019303
1100 0.00023049
1150 0.00022956
1200 0.00020928
1250 0.00019096
1300 0.00022164
1350 0.00014545
1400 0.0001608
1450 0.00014493
1500 0.00015784
1550 0.00013745
1600 0.00014813
1650 0.00013185
1700 0.00015611
1750 0.00012507
1800 0.00013211
1850 0.00013387
1900 0.00010087
1950 0.00011107
2000 0.00010719
2050 0.00012786
2100 0.00012403
2150 0.00011496
2200 0.00025217
2250 0.00011257
2300 0.0001057
2350 0.0001106
2400 0.0001277
2450 0.00011011
2500 0.00013032
2550 0.00012789
2600 0.00011961
2650 0.00011785
2700 0.00011972
2750 0.00013016
2800 0.00011314
2850 0.00014285
2900 0.00012685
2950 0.00014543
3000 0.00020917
3050 0.00013753
3100 0.00013823
3150 0.00011663
3200 0.00013074
3250 0.00011835
3300 0.0001234
3350 0.00011479
3400 0.00010736
3450 0.00010254
3500 0.00011292
3550 0.00010892
3600 0.00011122
3650 0.00011222
3700 0.00011059
3750 0.00012459
3800 0.00010728
3850 0.0001245
3900 0.00012564
3950 0.00016791
4000 0.00016579
4050 0.00015864
4100 0.00018491
4150 0.00018318
4200 0.00017756
4250 0.00018316
4300 0.00021796
4350 0.00018645
4400 0.0001816
4450 0.00017351
4500 0.00016871
4550 0.00016519
4600 0.00017341
4650 0.00017081
4700 0.00016356
4750 0.00016915
4800 0.00016243
4850 0.00016989
4900 0.00016604
4950 0.00016511
5000 0.00016763
5050 0.00017123
5100 0.00016437
5150 0.00016858
5200 0.00016031
5250 0.00016309
5300 0.00015746
5350 0.00016177
5400 0.00015793
5450 0.00016171
5500 0.00015727
5550 0.00016217
5600 0.00015731
5650 0.00015982
5700 0.00015794
5750 0.00015536
5800 0.00016261
5850 0.00015435
5900 0.00016032
5950 0.00015822
6000 0.00015522
6050 0.00016325
6100 0.00016244
6150 0.00016531
6200 0.00015734
6250 0.00016137
6300 0.00016086
6350 0.0001549
6400 0.0001493
6450 0.00015275
6500 0.00015684
6550 0.00015449
6600 0.00015973
6650 0.00016011
6700 0.00016208
6750 0.00015676
6800 0.00015826
6850 0.0001499
6900 0.00014931
6950 0.00016116
7000 0.00015664
7050 0.00015689
7100 0.00015507
7150 0.00015756
7200 0.00015621
7250 0.00015146
7300 0.00015449
7350 0.00015902
7400 0.0001523
7450 0.00014929
7500 0.00015392
7550 0.000156
7600 0.00015223
7650 0.00015173
7700 0.00015636
7750 0.00015028
7800 0.00014986
7850 0.00015029
7900 0.00015613
7950 0.00015727
8000 0.00015151
8050 0.00015624
8100 0.00016195
8150 0.00016152
8200 0.00016012
8250 0.00015464
8300 0.00015682
8350 0.00015986
8400 0.00015869
8450 0.00016301
8500 0.00016366
8550 0.00015745
8600 0.00015521
8650 0.00015664
8700 0.00023637
8750 0.00015846
8800 0.00015597
8850 0.0001577
8900 0.00016543
8950 0.00014445
9000 0.00013288
9050 0.00013014
9100 0.00013071
9150 0.00013334
9200 0.00013339
9250 0.00012879
9300 0.00012903
9350 0.00012633
9400 0.0001349
9450 0.00013349
9500 0.00013216
9550 0.00012899
9600 0.0001373
9650 0.00014867
9700 0.00013239
9750 0.00013122
9800 0.00012968
9850 0.00012965
9900 0.00013709
9950 0.00012908
10000 0.00014036
10050 0.00012972
10100 0.00013501
10150 0.00012716
10200 0.00013195
10250 0.00012659
10300 0.00013053
10350 0.00015542
10400 0.00014153
10450 0.0001293
10500 0.00014657
10550 0.00013343
10600 0.00013339
10650 0.00048503
10700 0.00014311
10750 0.00013374
10800 0.00013244
10850 0.00013155
10900 0.00013116
10950 0.0001333
11000 0.00014101
11050 0.00015763
11100 0.00016412
11150 0.00016658
11200 0.00013268
11250 0.00014386
11300 0.00013616
11350 0.0001389
11400 0.00013797
11450 0.00013042
11500 0.0001317
11550 0.00013756
11600 0.00012872
11650 0.00013166
11700 0.00014911
11750 0.00014829
11800 0.00013071
11850 0.00013106
11900 0.00013199
11950 0.00014014
12000 0.00013346
12050 0.00013658
12100 0.00012985
12150 0.0001352
12200 0.00013037
12250 0.00012832
12300 0.00014063
12350 0.00014321
12400 0.00013084
12450 0.00015547
12500 0.00013368
12550 0.00012945
12600 0.00012849
12650 0.00017827
12700 0.00016248
12750 0.00012995
12800 0.00012919
12850 0.00016412
12900 0.000166
12950 0.00014636
13000 0.00013732
13050 0.00019678
13100 0.00013144
13150 0.00014934
13200 0.00017698
13250 0.00016468
13300 0.00017014
13350 0.00017659
13400 0.00020071
13450 0.00017879
13500 0.00017415
13550 0.00015631
13600 0.00017625
13650 0.00017859
13700 0.0001738
13750 0.0001809
13800 0.0002051
13850 0.00020929
13900 0.00020877
13950 0.00020494
14000 0.00019368
14050 0.00019278
14100 0.00019474
14150 0.00018241
14200 0.00020883
14250 0.00021185
14300 0.00020403
14350 0.00020432
14400 0.00019546
14450 0.00019833
14500 0.00019952
14550 0.00022206
14600 0.00019261
14650 0.00019093
14700 0.00019266
14750 0.00019945
14800 0.00019693
14850 0.00021507
14900 0.00020801
14950 0.00020092
15000 0.00020296
15050 0.00018989
15100 0.00018818
15150 0.00019341
15200 0.00020783
15250 0.0002005
15300 0.00020585
15350 0.00020135
15400 0.00020155
15450 0.00021146
15500 0.00020774
15550 0.00022061
15600 0.00021317
15650 0.00020984
15700 0.00020856
15750 0.00020023
15800 0.00018677
15850 0.00020215
15900 0.00020566
15950 0.00019614
16000 0.00018077
16050 0.00016965
16100 0.00016255
16150 0.00015053
16200 0.00015332
16250 0.00015555
16300 0.00014063
16350 0.00016286
16400 0.00017744
16450 0.00015987
16500 0.00018655
16550 0.00018155
16600 0.00018132
16650 0.00019199
16700 0.00018283
16750 0.0001953
16800 0.00018855
16850 0.00018775
16900 0.00018401
16950 0.00018654
17000 0.00019612
17050 0.00021387
17100 0.00020396
17150 0.00018974
17200 0.00022737
17250 0.00021745
17300 0.00021263
17350 0.00018748
17400 0.00020463
17450 0.00019161
17500 0.00021029
17550 0.00019086
17600 0.00018087
17650 0.00019283
17700 0.00017734
17750 0.00016826
17800 0.00020329
17850 0.00019002
17900 0.00017598
17950 0.00020378
18000 0.00016649
18050 0.0001988
18100 0.00024584
18150 0.00019184
18200 0.00019797
18250 0.00021221
18300 0.00021793
18350 0.00019005
18400 0.0001764
18450 0.00017374
18500 0.00018424
18550 0.00016898
18600 0.00017906
18650 0.00016269
18700 0.00017221
18750 0.00021604
18800 0.00020606
18850 0.00021488
18900 0.00018914
18950 0.00022697
19000 0.00019473
19050 0.00016486
19100 0.00017897
19150 0.00015967
19200 0.00017084
19250 0.00014701
19300 0.00016608
19350 0.00015646
19400 0.00016351
19450 0.00017061
19500 0.00016903
19550 0.00017128
19600 0.00016038
19650 0.00017462
19700 0.00016959
19750 0.00015057
19800 0.00016048
19850 0.00015816
19900 0.00017162
19950 0.00015936
20000 0.00019058
20050 0.00019491
20100 0.00016146
20150 0.00017799
20200 0.00015059
20250 0.00018878
20300 0.00020074
20350 0.00016964
20400 0.00017122
20450 0.00014752
20500 0.00016152
20550 0.00014133
20600 0.00015939
20650 0.00016317
20700 0.00014992
20750 0.00019096
20800 0.00018355
20850 0.00015116
20900 0.00015332
20950 0.00015594
21000 0.00017593
21050 0.00016821
21100 0.00014414
21150 0.00015523
21200 0.00014532
21250 0.0001488
21300 0.00015233
21350 0.00016708
21400 0.00014742
21450 0.00014883
21500 0.00014644
21550 0.00015163
21600 0.00015587
21650 0.00017771
21700 0.00016841
21750 0.00018119
21800 0.00016282
21850 0.00017568
21900 0.00018001
21950 0.00017566
22000 0.00018453
22050 0.0001877
22100 0.00016552
22150 0.0001804
22200 0.00016877
22250 0.00017897
22300 0.0001612
22350 0.0001646
22400 0.00018178
22450 0.00017769
22500 0.00016057
22550 0.00016568
22600 0.00016043
22650 0.0001701
22700 0.00016375
22750 0.00016704
22800 0.00015683
22850 0.00016717
22900 0.00014984
22950 0.00018126
23000 0.00016131
23050 0.00016651
23100 0.00014787
23150 0.00014612
23200 0.00016727
23250 0.00015696
23300 0.00016208
23350 0.00016908
23400 0.00016476
23450 0.00018088
23500 0.00014724
23550 0.00018767
23600 0.00015499
23650 0.0001672
23700 0.00015971
23750 0.00014855
23800 0.00017118
23850 0.00016549
23900 0.00016601
23950 0.00016347
24000 0.00015922
24050 0.00015401
24100 0.00015846
24150 0.0001639
24200 0.00018003
24250 0.0001566
24300 0.00015986
24350 0.00013761
24400 0.0001453
24450 0.00016615
24500 0.00019558
24550 0.00015953
24600 0.00014968
24650 0.00014709
24700 0.00016633
24750 0.00014468
24800 0.00015398
24850 0.00015274
24900 0.00013858
24950 0.00014334
25000 0.00014169
25050 0.00014918
25100 0.00014834
25150 0.00015428
25200 0.00015153
25250 0.0001664
25300 0.00018276
25350 0.00014817
25400 0.00014842
25450 0.00014043
25500 0.00015577
25550 0.00014541
25600 0.00015986
25650 0.0001487
25700 0.00017109
25750 0.0001577
25800 0.00015751
25850 0.00015213
25900 0.00015008
25950 0.00016322
26000 0.00016701
26050 0.00014155
26100 0.00013887
26150 0.00013867
26200 0.00014757
26250 0.00013998
26300 0.00015817
26350 0.00015215
26400 0.00015858
26450 0.00014991
26500 0.00016367
26550 0.00015939
26600 0.00016461
26650 0.00015923
26700 0.00014942
26750 0.00015471
26800 0.00016002
26850 0.0001716
26900 0.00015975
26950 0.00015024
27000 0.00016028
27050 0.00015587
27100 0.00016822
27150 0.00016411
27200 0.00019147
27250 0.00016373
27300 0.00015548
27350 0.00015829
27400 0.0001696
27450 0.00019209
27500 0.00016578
27550 0.00016221
27600 0.00018524
27650 0.00015809
27700 0.00015017
27750 0.0001615
27800 0.00017354
27850 0.0001646
27900 0.00015823
27950 0.00015073
28000 0.00015334
28050 0.00016341
28100 0.00015561
28150 0.00015757
28200 0.00016399
28250 0.00017649
28300 0.00015301
28350 0.00015746
28400 0.00016657
28450 0.00016672
28500 0.00016847
28550 0.00017179
28600 0.00017141
28650 0.00018588
28700 0.00016623
28750 0.00016499
28800 0.00015497
28850 0.00016771
28900 0.00016319
28950 0.00015553
29000 0.00016612
29050 0.00016243
29100 0.00014817
29150 0.00016372
29200 0.00017484
29250 0.00016068
29300 0.0001614
29350 0.00015797
29400 0.0001561
29450 0.00015773
29500 0.00017078
29550 0.00017078
29600 0.00014791
29650 0.00013985
29700 0.00014891
29750 0.00015533
29800 0.00017029
29850 0.00014774
29900 0.0001525
29950 0.00017055
30000 0.00018053
30050 0.00017242
30100 0.00016257
30150 0.00017408
30200 0.00017234
30250 0.00018488
30300 0.00017152
30350 0.0001477
30400 0.00014564
30450 0.00014728
30500 0.00016469
30550 0.00015158
30600 0.00014269
30650 0.00016104
30700 0.00014899
30750 0.00019023
30800 0.00013574
30850 0.00014268
30900 0.00014019
30950 0.00014387
31000 0.00017207
31050 0.00016567
31100 0.00017528
31150 0.00014865
31200 0.00015294
31250 0.00014826
31300 0.00014397
31350 0.00015353
31400 0.00014893
31450 0.00014154
31500 0.00015639
31550 0.00014748
31600 0.00016652
31650 0.00015857
31700 0.00014144
31750 0.00014503
31800 0.00015563
31850 0.00015699
31900 0.00015564
31950 0.00015025
32000 0.00016993
32050 0.0001837
32100 0.00019024
32150 0.00016427
32200 0.00015595
32250 0.00016138
32300 0.00015422
32350 0.00016264
32400 0.00015636
32450 0.00016243
32500 0.00018069
32550 0.00018195
32600 0.00020664
32650 0.00020338
32700 0.00019872
32750 0.00018305
32800 0.00020299
32850 0.0001914
32900 0.0002181
32950 0.00019363
33000 0.00018556
33050 0.00020755
33100 0.000197
33150 0.00018979
33200 0.00019252
33250 0.00018818
33300 0.00018165
33350 0.00033587
33400 0.00023466
33450 0.00019514
33500 0.00018828
33550 0.000187
33600 0.00017992
33650 0.00017963
33700 0.00017317
33750 0.00019588
33800 0.00022036
33850 0.00020643
33900 0.00022127
33950 0.00023892
34000 0.0002122
34050 0.00017039
34100 0.00016487
34150 0.00018134
34200 0.00016722
34250 0.00018012
34300 0.00015765
34350 0.00016072
34400 0.00017044
34450 0.00016633
34500 0.00017091
34550 0.00017145
34600 0.00018243
34650 0.00016959
34700 0.00028356
34750 0.00018585
34800 0.00017908
34850 0.000176
34900 0.00016132
34950 0.00020422
35000 0.00018829
35050 0.00018662
35100 0.00017741
35150 0.00019549
35200 0.00018632
35250 0.00016747
35300 0.00017138
35350 0.00016288
35400 0.00021161
35450 0.00016358
35500 0.00015356
35550 0.00016668
35600 0.00018714
35650 0.00020444
35700 0.00015541
35750 0.00016048
35800 0.0001799
35850 0.00018249
35900 0.00015007
35950 0.00015401
36000 0.00017405
36050 0.00016251
36100 0.00014792
36150 0.00016768
36200 0.00023504
36250 0.00020122
36300 0.0001533
36350 0.00015015
36400 0.00016106
36450 0.00015491
36500 0.00015773
36550 0.00015931
36600 0.00015752
36650 0.00017875
36700 0.00016198
36750 0.00018178
36800 0.00016544
36850 0.00014711
36900 0.00015234
36950 0.00016339
37000 0.00015603
37050 0.00015615
37100 0.00014463
37150 0.00017545
37200 0.00018187
37250 0.00015049
37300 0.00016395
37350 0.00018185
37400 0.00018154
37450 0.0001609
37500 0.00017132
37550 0.00016674
37600 0.00017438
37650 0.00015977
37700 0.00016296
37750 0.0001708
37800 0.00019864
37850 0.00014785
37900 0.00014995
37950 0.00016003
38000 0.0001518
38050 0.0001548
38100 0.00014923
38150 0.00017513
38200 0.00015394
38250 0.00015343
38300 0.00017243
38350 0.00016152
38400 0.0001489
38450 0.00016275
38500 0.00015948
38550 0.00017776
38600 0.00014702
38650 0.0001502
38700 0.00016786
38750 0.00015454
38800 0.00015007
38850 0.00015042
38900 0.00015062
38950 0.00015473
39000 0.00015101
39050 0.0001463
39100 0.00014639
39150 0.00015184
39200 0.00015429
39250 0.0001567
39300 0.00016534
39350 0.00017634
39400 0.0001534
39450 0.00016068
39500 0.0001578
39550 0.00017867
39600 0.0001617
39650 0.00017339
39700 0.00019064
39750 0.00016354
39800 0.00015133
39850 0.00017017
39900 0.00015746
39950 0.00015963
40000 0.00015092
40050 0.00015598
40100 0.00015879
40150 0.00015877
40200 0.00015367
40250 0.00015495
40300 0.00018652
40350 0.00018182
40400 0.00017507
40450 0.00016922
40500 0.00018708
40550 0.00018147
40600 0.00016718
40650 0.00016497
40700 0.0001643
40750 0.00018245
40800 0.00016804
40850 0.00017056
40900 0.00015924
40950 0.00017615
41000 0.00018285
41050 0.00019778
41100 0.00016484
41150 0.00017202
41200 0.00015937
41250 0.00016452
41300 0.00016355
41350 0.00017924
41400 0.00019168
41450 0.0001556
41500 0.0001625
41550 0.00020461
41600 0.00019068
41650 0.00017714
41700 0.00017058
41750 0.00018492
41800 0.00016741
41850 0.00016926
41900 0.00016524
41950 0.0002023
42000 0.00018548
42050 0.00016232
42100 0.00016321
42150 0.00019823
42200 0.00017115
42250 0.00018106
42300 0.00017829
42350 0.00019081
42400 0.00016528
42450 0.00016311
42500 0.00016488
42550 0.00017644
42600 0.0001564
42650 0.00015681
42700 0.00016439
42750 0.00017183
42800 0.00016176
42850 0.00017023
42900 0.00016585
42950 0.00018129
43000 0.00018129
43050 0.00017169
43100 0.00016406
43150 0.0001809
43200 0.00022678
43250 0.0002146
43300 0.00015936
43350 0.00016898
43400 0.00016095
43450 0.00016568
43500 0.00016264
43550 0.00016675
43600 0.00015902
43650 0.00015677
43700 0.00015976
43750 0.00015446
43800 0.0001549
43850 0.00016659
43900 0.00015003
43950 0.00017881
44000 0.00017466
44050 0.00015462
44100 0.00015731
44150 0.00018684
44200 0.00016851
44250 0.00016072
44300 0.00017998
44350 0.00018015
44400 0.00016051
44450 0.00018836
44500 0.00016759
44550 0.00019588
44600 0.00017808
44650 0.00020445
44700 0.00016237
44750 0.00017055
44800 0.00015142
44850 0.00015075
44900 0.00015083
44950 0.00016335
45000 0.00014869
45050 0.00015016
45100 0.00018043
45150 0.00017124
45200 0.00015914
45250 0.00015001
45300 0.00015201
45350 0.00018303
45400 0.0001642
45450 0.00015364
45500 0.00015027
45550 0.00016136
45600 0.00015284
45650 0.00015289
45700 0.00014697
45750 0.00015512
45800 0.00015712
45850 0.00016723
45900 0.00016442
45950 0.00015244
46000 0.00015446
46050 0.0001544
46100 0.00015489
46150 0.0001707
46200 0.00016466
46250 0.00017613
46300 0.00018064
46350 0.00020858
46400 0.00020321
46450 0.00017805
46500 0.000155
46550 0.00015629
46600 0.00015837
46650 0.00015063
46700 0.00014807
46750 0.00017261
46800 0.00016421
46850 0.00015982
46900 0.00016281
46950 0.00015861
47000 0.00014924
47050 0.00015488
47100 0.00015249
47150 0.00014918
47200 0.00014915
47250 0.00015197
47300 0.00015119
47350 0.00016366
47400 0.00015844
47450 0.00015137
47500 0.00015593
47550 0.00015377
47600 0.00015205
47650 0.00016143
47700 0.00015665
47750 0.00016662
47800 0.00015634
47850 0.00015925
47900 0.00018325
47950 0.00018071
48000 0.00017356
48050 0.00016027
48100 0.00015789
48150 0.0001639
48200 0.0001578
48250 0.0001566
48300 0.00016977
48350 0.00015808
48400 0.00015736
48450 0.00017016
48500 0.00016013
48550 0.00016828
48600 0.00018397
48650 0.00015721
48700 0.00015332
48750 0.0001546
48800 0.00016597
48850 0.00017717
48900 0.0001677
48950 0.00016023
49000 0.00015963
49050 0.00015463
49100 0.00016124
49150 0.0001736
49200 0.00017453
49250 0.00022147
49300 0.00016393
49350 0.00015715
49400 0.0001676
49450 0.00015925
49500 0.00015618
49550 0.00015796
49600 0.00015442
49650 0.00015124
49700 0.00015515
49750 0.00015862
49800 0.00015622
49850 0.00015625
49900 0.00015685
49950 0.00017439
50000 0.0001895
50050 0.00015542
50100 0.0001563
50150 0.00016259
50200 0.0001635
50250 0.00015288
50300 0.00016265
50350 0.00016785
50400 0.00015498
50450 0.00015752
50500 0.00016357
50550 0.00016281
50600 0.00015538
50650 0.00017218
50700 0.00016847
50750 0.00016381
50800 0.00015543
50850 0.00016017
50900 0.00015705
50950 0.00017415
51000 0.00018873
51050 0.00019543
51100 0.0001958
51150 0.00019725
51200 0.00016824
51250 0.00017488
51300 0.00017105
51350 0.00016456
51400 0.00018549
51450 0.00059159
51500 0.00017104
51550 0.00017552
51600 0.00015774
51650 0.00016249
51700 0.00015119
51750 0.0001693
51800 0.00016211
51850 0.00015344
51900 0.00015913
51950 0.00018327
52000 0.00019947
52050 0.00017639
52100 0.0001602
52150 0.00015844
52200 0.00016644
52250 0.0001557
52300 0.00016325
52350 0.0001649
52400 0.00016541
52450 0.00018125
52500 0.00017805
52550 0.00018369
52600 0.00017661
52650 0.00017167
52700 0.00019254
52750 0.00018192
52800 0.00018364
52850 0.00018597
52900 0.00018107
52950 0.00019058
53000 0.00019914
53050 0.00018676
53100 0.00017192
53150 0.00016579
53200 0.00016025
53250 0.00015359
53300 0.00015434
53350 0.00016085
53400 0.00015868
53450 0.00015317
53500 0.00015902
53550 0.00015574
53600 0.00015153
53650 0.00016192
53700 0.00014483
53750 0.00015399
53800 0.00015737
53850 0.00015371
53900 0.00015522
53950 0.00016249
54000 0.00016541
54050 0.00016179
54100 0.00015305
54150 0.00017448
54200 0.00015231
54250 0.00015527
54300 0.00016469
54350 0.00015623
54400 0.00014992
54450 0.00054576
54500 0.00015849
54550 0.00017751
54600 0.00016361
54650 0.00015175
54700 0.00015098
54750 0.0001523
54800 0.00015736
54850 0.00015014
54900 0.0001498
54950 0.00016129
55000 0.00015147
55050 0.00015663
55100 0.00015848
55150 0.0001657
55200 0.00016068
55250 0.00016087
55300 0.0001449
55350 0.00014518
55400 0.00014897
55450 0.00014825
55500 0.00014706
55550 0.00015119
55600 0.00014687
55650 0.00014951
55700 0.00017273
55750 0.00014931
55800 0.00015807
55850 0.00014807
55900 0.00015023
55950 0.00017701
56000 0.00015091
56050 0.00014847
56100 0.00015177
56150 0.00015149
56200 0.00017128
56250 0.00016353
56300 0.00016532
56350 0.00014889
56400 0.00015425
56450 0.00016293
56500 0.00014698
56550 0.0001478
56600 0.00014532
56650 0.00014724
56700 0.00014555
56750 0.00014336
56800 0.00014274
56850 0.00021671
56900 0.00016292
56950 0.00016511
57000 0.00018161
57050 0.00020152
57100 0.00017622
57150 0.00017274
57200 0.00018124
57250 0.00041324
57300 0.00016749
57350 0.00015371
57400 0.00015396
57450 0.00016737
57500 0.00016318
57550 0.00015808
57600 0.00017465
57650 0.00016017
57700 0.00015699
57750 0.00016225
57800 0.00016837
57850 0.00017053
57900 0.00018075
57950 0.0001578
58000 0.00015212
58050 0.00015773
58100 0.00017858
58150 0.00014674
58200 0.00017319
58250 0.00018014
58300 0.00016891
58350 0.00020652
58400 0.00017473
58450 0.00016413
58500 0.00015507
58550 0.00016135
58600 0.00015757
58650 0.00017847
58700 0.0001615
58750 0.00016318
58800 0.00016213
58850 0.00015249
58900 0.00015745
58950 0.00017721
59000 0.00016968
59050 0.00016824
59100 0.0001584
59150 0.00016125
59200 0.00017556
59250 0.00015795
59300 0.00015102
59350 0.00016648
59400 0.0002375
59450 0.00016276
59500 0.00016769
59550 0.00017069
59600 0.00015323
59650 0.0001747
59700 0.00016906
59750 0.00015319
59800 0.00015236
59850 0.00016882
59900 0.00015997
59950 0.00015155
60000 0.00016497
60050 0.00015707
60100 0.00015285
60150 0.00016984
60200 0.00015077
60250 0.00016262
60300 0.00016241
60350 0.00015106
60400 0.00015243
60450 0.00014848
60500 0.00015045
60550 0.00014479
60600 0.00014569
60650 0.00016365
60700 0.00016159
60750 0.00016433
60800 0.00016798
60850 0.0001505
60900 0.00017229
60950 0.00016979
61000 0.00023172
61050 0.00023517
61100 0.00021447
61150 0.00016245
61200 0.00016969
61250 0.00017937
61300 0.00017423
61350 0.00016351
61400 0.00015192
61450 0.00016864
61500 0.00015176
61550 0.00015464
61600 0.0001535
61650 0.00017571
61700 0.00020845
61750 0.000165
61800 0.00014742
61850 0.00015246
61900 0.00016334
61950 0.00015241
62000 0.0001611
62050 0.00015221
62100 0.00015287
62150 0.00016895
62200 0.00015902
62250 0.00015211
62300 0.00015455
62350 0.00015292
62400 0.00015462
62450 0.00016216
62500 0.00014891
62550 0.00015538
62600 0.00014646
62650 0.00014679
62700 0.00017351
62750 0.00015281
62800 0.00015562
62850 0.00015496
62900 0.00015141
62950 0.00014573
63000 0.0001554
63050 0.00014824
63100 0.0001586
63150 0.0001571
63200 0.00016227
63250 0.00015038
63300 0.00015928
63350 0.00017395
63400 0.00016287
63450 0.00016267
63500 0.00015149
63550 0.00016959
63600 0.00015119
63650 0.00015408
63700 0.00015861
63750 0.0001595
63800 0.00017536
63850 0.00016065
63900 0.00018832
63950 0.00016697
64000 0.00016502
64050 0.00015712
64100 0.0001597
64150 0.00015886
64200 0.0001715
64250 0.00015871
64300 0.00016769
64350 0.00018363
64400 0.0001729
64450 0.00016616
64500 0.00016492
64550 0.00017673
64600 0.00017488
64650 0.00017223
64700 0.00015845
64750 0.00014996
64800 0.00015113
64850 0.00014927
64900 0.00014631
64950 0.0001526
65000 0.0001487
65050 0.00015564
65100 0.00015636
65150 0.00014596
65200 0.00015179
65250 0.00014668
65300 0.00015525
65350 0.00015567
65400 0.00015083
65450 0.00014885
65500 0.00015583
65550 0.00017022
65600 0.00016339
65650 0.0001661
65700 0.0001975
65750 0.00016379
65800 0.00016322
65850 0.0001656
65900 0.00017277
65950 0.00016923
66000 0.00016682
66050 0.00018085
66100 0.00015595
66150 0.00015923
66200 0.00015582
66250 0.00015405
66300 0.0001658
66350 0.00016674
66400 0.00016892
66450 0.00015651
66500 0.00016266
66550 0.00015587
66600 0.00015679
66650 0.00015498
66700 0.00015521
66750 0.00015777
66800 0.0001704
66850 0.00017026
66900 0.00017115
66950 0.00016821
67000 0.00016104
67050 0.00015814
67100 0.00015208
67150 0.00016942
67200 0.00015853
67250 0.00019508
67300 0.00015212
67350 0.0001543
67400 0.00016269
67450 0.0001724
67500 0.00017021
67550 0.00015891
67600 0.00016664
67650 0.00016152
67700 0.00015551
67750 0.00016592
67800 0.0001566
67850 0.00015975
67900 0.0001588
67950 0.0001683
68000 0.00018029
68050 0.00017644
68100 0.00017995
68150 0.00017678
68200 0.00015606
68250 0.00017086
68300 0.00015647
68350 0.00016042
68400 0.00018426
68450 0.00016373
68500 0.0001684
68550 0.00018144
68600 0.00017863
68650 0.00018282
68700 0.0001738
68750 0.00016497
68800 0.00017019
68850 0.00016703
68900 0.00016332
68950 0.00019655
69000 0.00018859
69050 0.00017474
69100 0.00018484
69150 0.00017512
69200 0.00017536
69250 0.00018178
69300 0.00017914
69350 0.00016813
69400 0.00017855
69450 0.00018233
69500 0.00018293
69550 0.00016329
69600 0.00017966
69650 0.00016169
69700 0.00017495
69750 0.00017053
69800 0.00016302
69850 0.00015553
69900 0.00016134
69950 0.0001579
70000 0.0001643
70050 0.00016251
70100 0.00022412
70150 0.00017841
70200 0.00017793
70250 0.0001797
70300 0.00020076
70350 0.00016881
70400 0.00019567
70450 0.00019956
70500 0.00019368
70550 0.00017971
70600 0.00017444
70650 0.00017949
70700 0.00018351
70750 0.00016251
70800 0.00017349
70850 0.00016114
70900 0.00017014
70950 0.0001641
71000 0.00016868
71050 0.00016325
71100 0.00017193
71150 0.00015728
71200 0.00018357
71250 0.00016793
71300 0.0001881
71350 0.00016326
71400 0.00017498
71450 0.00016934
71500 0.00017533
71550 0.00015784
71600 0.00017428
71650 0.00016026
71700 0.00016924
71750 0.00016361
71800 0.00017689
71850 0.0001678
71900 0.00017673
71950 0.00016402
72000 0.00016477
72050 0.00017709
72100 0.00017874
72150 0.00016291
72200 0.00015977
72250 0.00015934
72300 0.00016165
72350 0.00018781
72400 0.00018391
72450 0.00017517
72500 0.00018079
72550 0.0001698
72600 0.00016571
72650 0.00016356
72700 0.00019232
72750 0.00017124
72800 0.00018197
72850 0.00016801
72900 0.0001655
72950 0.00016447
73000 0.0001612
73050 0.00015911
73100 0.00016849
73150 0.00016395
73200 0.0001618
73250 0.00015648
73300 0.00016887
73350 0.00016545
73400 0.00017561
73450 0.000164
73500 0.00016955
73550 0.00017161
73600 0.00016869
73650 0.00016504
73700 0.00016338
73750 0.00016572
73800 0.0001707
73850 0.00017034
73900 0.00017247
73950 0.00017626
74000 0.00019109
74050 0.0001698
74100 0.00015936
74150 0.00016537
74200 0.00016121
74250 0.00016703
74300 0.00016923
74350 0.00016963
74400 0.00015939
74450 0.00017765
74500 0.00016451
74550 0.00016459
74600 0.00016155
74650 0.00015632
74700 0.00015962
74750 0.00016493
74800 0.00017147
74850 0.00017042
74900 0.0001628
74950 0.00017032
75000 0.00017394
75050 0.00016677
75100 0.00016679
75150 0.00016173
75200 0.00016649
75250 0.00016667
75300 0.00016011
75350 0.00016851
75400 0.00016403
75450 0.00017952
75500 0.00019308
75550 0.00017932
75600 0.00017012
75650 0.00016811
75700 0.00016726
75750 0.00016853
75800 0.00016883
75850 0.0002036
75900 0.00016834
75950 0.00017431
76000 0.00017651
76050 0.00016858
76100 0.00017257
76150 0.00016925
76200 0.00017516
76250 0.00017388
76300 0.00017987
76350 0.00016639
76400 0.00017325
76450 0.00017203
76500 0.00019317
76550 0.00017139
76600 0.00016858
76650 0.00017109
76700 0.00016311
76750 0.00016987
76800 0.00015982
76850 0.00016492
76900 0.00016128
76950 0.00017334
77000 0.00016224
77050 0.00017193
77100 0.00017013
77150 0.00017598
77200 0.00017682
77250 0.00018732
77300 0.00017205
77350 0.00018935
77400 0.00019781
77450 0.00017996
77500 0.00018769
77550 0.00019438
77600 0.00018343
77650 0.00018694
77700 0.00019255
77750 0.00017095
77800 0.00018456
77850 0.00017867
77900 0.00023847
77950 0.00022968
78000 0.00023232
78050 0.00020211
78100 0.00017662
78150 0.00016572
78200 0.00017091
78250 0.0001643
78300 0.0001757
78350 0.00016011
78400 0.00018787
78450 0.00017497
78500 0.00019844
78550 0.0001706
78600 0.00016647
78650 0.00016878
78700 0.00017019
78750 0.00016246
78800 0.00018468
78850 0.00015299
78900 0.00016876
78950 0.00016396
79000 0.00018068
79050 0.00018243
79100 0.00018921
79150 0.00016896
79200 0.00018346
79250 0.00016199
79300 0.00016411
79350 0.0001684
79400 0.00018166
79450 0.00019146
79500 0.00018867
79550 0.00015881
79600 0.00017791
79650 0.00015967
79700 0.00016545
79750 0.00015654
79800 0.00017263
79850 0.00015636
79900 0.00018008
79950 0.00015676
80000 0.00017139
80050 0.00016316
80100 0.00018718
80150 0.00016156
80200 0.00016811
80250 0.00016689
80300 0.00017431
80350 0.00017004
80400 0.00017742
80450 0.00018599
80500 0.00017237
80550 0.00016556
80600 0.00017871
80650 0.0001672
80700 0.00016866
80750 0.00016041
80800 0.0001664
80850 0.00015436
80900 0.00016726
80950 0.00016449
81000 0.00016835
81050 0.0001567
81100 0.00017128
81150 0.00016326
81200 0.00021828
81250 0.000164
81300 0.00017976
81350 0.00016129
81400 0.00019523
81450 0.00016986
81500 0.00017602
81550 0.00016578
81600 0.00016276
81650 0.00015707
81700 0.00016931
81750 0.00016715
81800 0.00015772
81850 0.0001826
81900 0.00017196
81950 0.00016878
82000 0.00016907
82050 0.00016399
82100 0.0001806
82150 0.0001631
82200 0.00016807
82250 0.00016087
82300 0.000168
82350 0.00017844
82400 0.0001838
82450 0.00015433
82500 0.00016347
82550 0.00015778
82600 0.00015694
82650 0.00015644
82700 0.00016752
82750 0.00016156
82800 0.00017484
82850 0.00016114
82900 0.00017785
82950 0.0001766
83000 0.00017503
83050 0.00017306
83100 0.00017164
83150 0.00015833
83200 0.00017761
83250 0.00017219
83300 0.00017545
83350 0.00016642
83400 0.00017036
83450 0.00016593
83500 0.00016844
83550 0.00015918
83600 0.00016785
83650 0.00016754
83700 0.00016606
83750 0.00016162
83800 0.00016758
83850 0.00016109
83900 0.00027267
83950 0.00015813
84000 0.00016139
84050 0.00017506
84100 0.00016835
84150 0.00016364
84200 0.0001963
84250 0.00016488
84300 0.00016749
84350 0.00017756
84400 0.00016934
84450 0.0001679
84500 0.00017467
84550 0.00016319
84600 0.00018983
84650 0.00016265
84700 0.00017371
84750 0.00016473
84800 0.00018522
84850 0.00017201
84900 0.00018754
84950 0.00016044
85000 0.0001796
85050 0.00017085
85100 0.00019661
85150 0.00017027
85200 0.0001726
85250 0.00017183
85300 0.0001653
85350 0.00017146
85400 0.00017955
85450 0.00016588
85500 0.0001699
85550 0.00016961
85600 0.00017476
85650 0.00016947
85700 0.00017398
85750 0.00016949
85800 0.00017968
85850 0.00016343
85900 0.0001738
85950 0.00015664
86000 0.00018264
86050 0.00016955
86100 0.00017577
86150 0.00015936
86200 0.00016341
86250 0.00018386
86300 0.00017586
86350 0.0001644
86400 0.00017148
86450 0.00016158
86500 0.00016937
86550 0.00015583
86600 0.00017756
86650 0.00016396
86700 0.00017415
86750 0.00016395
86800 0.00017093
86850 0.00024168
86900 0.00018276
86950 0.00016116
87000 0.00019142
87050 0.00015435
87100 0.00017615
87150 0.00015666
87200 0.0001623
87250 0.00015344
87300 0.00016102
87350 0.0001553
87400 0.00016674
87450 0.00015832
87500 0.00017065
87550 0.00016934
87600 0.00018149
87650 0.00016557
87700 0.00017677
87750 0.00016804
87800 0.00016734
87850 0.00017433
87900 0.00016053
87950 0.00015982
88000 0.00016612
88050 0.00017082
88100 0.00017358
88150 0.00018084
88200 0.00017601
88250 0.0001863
88300 0.00018158
88350 0.00016827
88400 0.00018502
88450 0.00016493
88500 0.00017716
88550 0.00016469
88600 0.00017405
88650 0.00017537
88700 0.00018594
88750 0.00017239
88800 0.00017299
88850 0.00016723
88900 0.00017093
88950 0.00017121
89000 0.00016429
89050 0.00015733
89100 0.0001763
89150 0.0001699
89200 0.00020027
89250 0.00018961
89300 0.00019688
89350 0.000187
89400 0.00019983
89450 0.00021304
89500 0.00018986
89550 0.00019023
89600 0.00018873
89650 0.00019156
89700 0.00018694
89750 0.00017211
89800 0.00018726
89850 0.00017431
89900 0.00018257
89950 0.00016132
90000 0.00016844
90050 0.00017177
90100 0.0001723
90150 0.00016996
90200 0.0001757
90250 0.00016377
90300 0.00019213
90350 0.00016685
90400 0.00017305
90450 0.00015484
90500 0.00017052
90550 0.00018025
90600 0.00019015
90650 0.00018028
90700 0.00018876
90750 0.00020331
90800 0.00023964
90850 0.00020796
90900 0.00023302
90950 0.00020601
91000 0.00021281
91050 0.0001983
91100 0.00017119
91150 0.00017566
91200 0.00020139
91250 0.00023229
91300 0.00024038
91350 0.00022921
91400 0.00021215
91450 0.00017217
91500 0.00018955
91550 0.00016917
91600 0.00017852
91650 0.00016704
91700 0.00019138
91750 0.00017503
91800 0.00019326
91850 0.000197
91900 0.00019498
91950 0.00016904
92000 0.00025403
92050 0.00020165
92100 0.00019912
92150 0.00017723
92200 0.00018284
92250 0.00019684
92300 0.00019489
92350 0.00017974
92400 0.00018516
92450 0.00017512
92500 0.00017743
92550 0.00029827
92600 0.0001845
92650 0.00016362
92700 0.0001683
92750 0.00017015
92800 0.00017677
92850 0.00016361
92900 0.00018367
92950 0.00016571
93000 0.00017007
93050 0.00016293
93100 0.00017326
93150 0.00016693
93200 0.0001738
93250 0.00016456
93300 0.00020206
93350 0.00017308
93400 0.00018008
93450 0.00018632
93500 0.00017284
93550 0.00016545
93600 0.00017321
93650 0.00016378
93700 0.0001601
93750 0.0001688
93800 0.00017562
93850 0.00016445
93900 0.00017695
93950 0.00016481
94000 0.00017736
94050 0.00018784
94100 0.00016753
94150 0.00015979
94200 0.00017873
94250 0.00018256
94300 0.00016649
94350 0.00016497
94400 0.00017655
94450 0.00018356
94500 0.00019224
94550 0.00017686
94600 0.00018277
94650 0.00018114
94700 0.00019807
94750 0.00019586
94800 0.00018353
94850 0.00016573
94900 0.00017985
94950 0.00015857
95000 0.00018088
95050 0.00018013
95100 0.00021607
95150 0.0002436
95200 0.00023984
95250 0.00022529
95300 0.00020692
95350 0.00018637
95400 0.00018524
95450 0.00016766
95500 0.00021239
95550 0.00018582
95600 0.00017169
95650 0.00017117
95700 0.00017106
95750 0.00016155
95800 0.00018203
95850 0.00016479
95900 0.00016937
95950 0.00016546
96000 0.00017574
96050 0.00018027
96100 0.0001666
96150 0.00016377
96200 0.00017481
96250 0.0001648
96300 0.00016852
96350 0.00015905
96400 0.00016657
96450 0.00015946
96500 0.00017355
96550 0.00016315
96600 0.00017203
96650 0.00018176
96700 0.00018132
96750 0.00017238
96800 0.00017038
96850 0.00017394
96900 0.00025775
96950 0.00022483
97000 0.00027152
97050 0.00021138
97100 0.00020693
97150 0.00021983
97200 0.0002309
97250 0.0002365
97300 0.00022946
97350 0.00021512
97400 0.00023636
97450 0.00017651
97500 0.00016609
97550 0.00016804
97600 0.00018569
97650 0.00016055
97700 0.0001708
97750 0.00016783
97800 0.00018144
97850 0.00015985
97900 0.00017641
97950 0.00017131
98000 0.00017983
98050 0.00017
98100 0.0001778
98150 0.00017742
98200 0.00017568
98250 0.00017039
98300 0.00018166
98350 0.00019081
98400 0.00018965
98450 0.00020117
98500 0.00019047
98550 0.00018613
98600 0.00020061
98650 0.00017889
98700 0.00019683
98750 0.00022507
98800 0.00023594
98850 0.00024007
98900 0.0002126
98950 0.00018651
99000 0.00019352
99050 0.00017827
99100 0.0001914
99150 0.00018228
99200 0.00019632
99250 0.00018301
99300 0.0001854
99350 0.00019352
99400 0.00017598
99450 0.00017429
99500 0.00019053
99550 0.00017624
99600 0.00021384
99650 0.0002385
99700 0.0001654
99750 0.00020043
99800 0.00020092
99850 0.00022494
99900 0.00019172
99950 0.00018793
100000 0.00020504
