50 0.00061836
100 0.00116477
150 0.00161852
200 0.00223859
250 0.00327385
300 0.00315038
350 0.00406502
400 0.00410623
450 0.00496185
500 0.00541571
550 0.00581375
600 0.00638099
650 0.00729221
700 0.00752398
750 0.00777916
800 0.00846468
850 0.00941993
900 0.00981261
950 0.00999641
1000 0.00725627
1050 0.0074296
1100 0.00792106
1150 0.00817713
1200 0.00854128
1250 0.00778691
1300 0.00694096
1350 0.00716428
1400 0.00757532
1450 0.00755951
1500 0.0195564
1550 0.00635359
1600 0.00680593
1650 0.006833
1700 0.00738496
1750 0.00703314
1800 0.00772039
1850 0.0093336
1900 0.00640714
1950 0.00703094
2000 0.00704541
2050 0.00786999
2100 0.00715423
2150 0.00758019
2200 0.00717663
2250 0.00776745
2300 0.00774986
2350 0.00774979
2400 0.00793594
2450 0.00838884
2500 0.00951894
2550 0.00864202
2600 0.00869656
2650 0.0092123
2700 0.00906213
2750 0.00903897
2800 0.0094925
2850 0.00997584
2900 0.00979999
2950 0.00977207
3000 0.00999712
3050 0.0100077
3100 0.0105819
3150 0.0108861
3200 0.0108897
3250 0.0108859
3300 0.0109591
3350 0.011662
3400 0.0118897
3450 0.0126759
3500 0.0122206
3550 0.012169
3600 0.012055
3650 0.0121045
3700 0.0116799
3750 0.0121877
3800 0.0129578
3850 0.0127287
3900 0.013031
3950 0.0135172
4000 0.0136673
4050 0.0139098
4100 0.0150445
4150 0.0149423
4200 0.0151816
4250 0.0156469
4300 0.0148088
4350 0.0161666
4400 0.0162152
4450 0.0176353
4500 0.0164039
4550 0.0169626
4600 0.0169463
4650 0.017094
4700 0.0169455
4750 0.0173392
4800 0.0176332
4850 0.017746
4900 0.0180439
4950 0.0180142
5000 0.0184509
5050 0.0186348
5100 0.0187827
5150 0.0188297
5200 0.0188364
5250 0.0191786
5300 0.0193722
5350 0.0194917
5400 0.0198036
5450 0.020478
5500 0.0199976
5550 0.0202485
5600 0.0201559
5650 0.0205227
5700 0.020668
5750 0.020865
5800 0.0209358
5850 0.0211738
5900 0.0214753
5950 0.0215681
6000 0.0216212
6050 0.0216587
6100 0.0217897
6150 0.022166
6200 0.0224086
6250 0.0224535
6300 0.0228234
6350 0.0228879
6400 0.0238739
6450 0.0233909
6500 0.0237188
6550 0.023788
6600 0.0240256
6650 0.0240445
6700 0.0241036
6750 0.0251383
6800 0.0249706
6850 0.024779
6900 0.0250265
6950 0.0250896
7000 0.0252322
7050 0.0255781
7100 0.0254466
7150 0.0255633
7200 0.0258716
7250 0.0260793
7300 0.0262898
7350 0.0265127
7400 0.0267216
7450 0.0270282
7500 0.0302178
7550 0.0270939
7600 0.0272656
7650 0.0276816
7700 0.0288789
7750 0.0279551
7800 0.0280569
7850 0.0282037
7900 0.0283271
7950 0.0284848
8000 0.0288585
8050 0.0288153
8100 0.0287465
8150 0.0298102
8200 0.0295834
8250 0.0298008
8300 0.029932
8350 0.0300291
8400 0.0301122
8450 0.0304965
8500 0.0318846
8550 0.0309447
8600 0.0311099
8650 0.0310766
8700 0.0312434
8750 0.0314336
8800 0.0318999
8850 0.0318777
8900 0.0317383
8950 0.0312873
9000 0.0322273
9050 0.0323291
9100 0.0331207
9150 0.0325907
9200 0.0325997
9250 0.033132
9300 0.0330944
9350 0.0334498
9400 0.0333892
9450 0.0337744
9500 0.0340482
9550 0.034099
9600 0.0338835
9650 0.0341242
9700 0.0345984
9750 0.0349926
9800 0.0350616
9850 0.0351904
9900 0.0351815
9950 0.0355474
10000 0.0372524
10050 0.0359954
10100 0.0356771
10150 0.036282
10200 0.0364351
10250 0.0367337
10300 0.0364502
10350 0.0362538
10400 0.0362337
10450 0.037349
10500 0.0425931
10550 0.0374372
10600 0.0377899
10650 0.0414868
10700 0.0410608
10750 0.0378613
10800 0.0385091
10850 0.0387428
10900 0.0388471
10950 0.0390105
11000 0.0386498
11050 0.0379446
11100 0.0401171
11150 0.0387422
11200 0.0398475
11250 0.0412731
11300 0.0401893
11350 0.040015
11400 0.0407497
11450 0.0407305
11500 0.0410419
11550 0.0409655
11600 0.0413618
11650 0.0416693
11700 0.0416882
11750 0.0411354
11800 0.0421668
11850 0.0425147
11900 0.0430157
11950 0.0422921
12000 0.0427511
12050 0.0429991
12100 0.0433561
12150 0.0430923
12200 0.0437114
12250 0.0438606
12300 0.0430488
12350 0.043472
12400 0.0442509
12450 0.0456938
12500 0.0444217
12550 0.045017
12600 0.0449614
12650 0.0453794
12700 0.0441099
12750 0.0456812
12800 0.045933
12850 0.0509997
12900 0.0432034
12950 0.0470002
13000 0.0461026
13050 0.0547335
13100 0.046646
13150 0.0460284
13200 0.0442568
13250 0.0473505
13300 0.0466496
13350 0.0465197
13400 0.0476454
13450 0.0471848
13500 0.046509
13550 0.0466901
13600 0.0480086
13650 0.0467798
13700 0.0477067
13750 0.0475765
13800 0.0490343
13850 0.0497726
13900 0.0484567
13950 0.0489085
14000 0.0479486
14050 0.0484604
14100 0.047179
14150 0.0489198
14200 0.0476066
14250 0.0481906
14300 0.0498374
14350 0.0497384
14400 0.0480389
14450 0.0482754
14500 0.0505311
14550 0.0521978
14600 0.0484893
14650 0.0490091
14700 0.0501198
14750 0.0492128
14800 0.0505097
14850 0.0555094
14900 0.0588777
14950 0.0578081
15000 0.0598233
15050 0.0586554
15100 0.0581933
15150 0.0600727
15200 0.0578922
15250 0.0609868
15300 0.0525038
15350 0.0533408
15400 0.0538278
15450 0.0510066
15500 0.0518945
15550 0.0538548
15600 0.0534436
15650 0.0543194
15700 0.0587186
15750 0.0569196
15800 0.0583039
15850 0.0700845
15900 0.0857175
15950 0.0531249
16000 0.0540765
16050 0.0561715
16100 0.0540405
16150 0.0563194
16200 0.054808
16250 0.0567127
16300 0.0569264
16350 0.0556441
16400 0.0577915
16450 0.0582329
16500 0.136094
16550 0.0581292
16600 0.0582878
16650 0.0588745
16700 0.0591496
16750 0.0594636
16800 0.0609199
16850 0.0607298
16900 0.0595419
16950 0.0586135
17000 0.0604215
17050 0.0611495
17100 0.0613326
17150 0.060811
17200 0.0586804
17250 0.0580042
17300 0.0587106
17350 0.0609477
17400 0.0616991
17450 0.0613475
17500 0.0615707
17550 0.0612026
17600 0.0609142
17650 0.0615381
17700 0.0618761
17750 0.061369
17800 0.0619399
17850 0.0643865
17900 0.0610596
17950 0.0628582
18000 0.0635112
18050 0.0612853
18100 0.0656266
18150 0.0656268
18200 0.0678398
18250 0.0656551
18300 0.0678956
18350 0.0648674
18400 0.0627318
18450 0.0626799
18500 0.0630044
18550 0.065245
18600 0.0664384
18650 0.0656117
18700 0.0655169
18750 0.0634758
18800 0.0634425
18850 0.0635796
18900 0.066108
18950 0.0649142
19000 0.0652596
19050 0.0657714
19100 0.0657792
19150 0.0654557
19200 0.0651313
19250 0.0682919
19300 0.065635
19350 0.0672609
19400 0.06911
19450 0.0692624
19500 0.0686153
19550 0.0687582
19600 0.0691947
19650 0.0688967
19700 0.066251
19750 0.0699406
19800 0.070306
19850 0.0703823
19900 0.0683065
19950 0.0706768
20000 0.0674018
20050 0.0674674
20100 0.0696511
20150 0.068043
20200 0.0717853
20250 0.068717
20300 0.0704197
20350 0.0708345
20400 0.0712969
20450 0.0718034
20500 0.0698742
20550 0.0731697
20600 0.0729217
20650 0.0715495
20700 0.0727689
20750 0.0734552
20800 0.0716928
20850 0.073333
20900 0.0734225
20950 0.0717986
21000 0.0720495
21050 0.0732346
21100 0.0748672
21150 0.0737619
21200 0.0753762
21250 0.0742483
21300 0.074209
21350 0.0725868
21400 0.0764496
21450 0.0755557
21500 0.0757372
21550 0.0759112
21600 0.075238
21650 0.0760755
21700 0.0753209
21750 0.0766986
21800 0.0730376
21850 0.074471
21900 0.0750081
21950 0.0769283
22000 0.0749049
22050 0.0771404
22100 0.0776386
22150 0.0789071
22200 0.0784433
22250 0.0788246
22300 0.0786586
22350 0.0786672
22400 0.0791861
22450 0.0753531
22500 0.0788859
22550 0.0802587
22600 0.0803141
22650 0.0808365
22700 0.0799524
22750 0.0805684
22800 0.0806591
22850 0.0781119
22900 0.0810463
22950 0.0818648
23000 0.0815876
23050 0.0799545
23100 0.0814677
23150 0.0815042
23200 0.0827222
23250 0.0828093
23300 0.0823494
23350 0.0821238
23400 0.083105
23450 0.0828897
23500 0.0824802
23550 0.0799738
23600 0.0827139
23650 0.0800424
23700 0.0833198
23750 0.0830992
23800 0.0840162
23850 0.0856428
23900 0.0841606
23950 0.0829853
24000 0.0850768
24050 0.085644
24100 0.0859013
24150 0.0860999
24200 0.0851479
24250 0.0846333
24300 0.0841248
24350 0.0867002
24400 0.0865064
24450 0.0871741
24500 0.0871935
24550 0.0871981
24600 0.0855871
24650 0.0873071
24700 0.0874089
24750 0.0871229
24800 0.0863171
24850 0.0869271
24900 0.0891119
24950 0.08885
25000 0.0894574
25050 0.0887374
25100 0.0889488
25150 0.0887129
25200 0.0892419
25250 0.0909662
25300 0.0907787
25350 0.0897876
25400 0.0882046
25450 0.0909588
25500 0.0888826
25550 0.0913015
25600 0.0881247
25650 0.0899573
25700 0.0875243
25750 0.0918124
25800 0.0896936
25850 0.0906793
25900 0.0913507
25950 0.0896641
26000 0.0899233
26050 0.0926635
26100 0.0943429
26150 0.0930514
26200 0.0924685
26250 0.0933929
26300 0.0912108
26350 0.0935761
26400 0.0920848
26450 0.093822
26500 0.0948056
26550 0.0949489
26600 0.0928138
26650 0.0946985
26700 0.0951544
26750 0.0951888
26800 0.0955388
26850 0.0934055
26900 0.0920509
26950 0.0952982
27000 0.0955527
27050 0.0966997
27100 0.0961794
27150 0.0966683
27200 0.0955501
27250 0.0959459
27300 0.0974009
27350 0.0978139
27400 0.0953337
27450 0.0966198
27500 0.0963926
27550 0.0982224
27600 0.098661
27650 0.0983208
27700 0.0992527
27750 0.0988181
27800 0.0970105
27850 0.0978084
27900 0.0981618
27950 0.0986965
28000 0.0991148
28050 0.0964071
28100 0.0997156
28150 0.0987988
28200 0.100212
28250 0.0990899
28300 0.0980903
28350 0.101891
28400 0.100349
28450 0.0995897
28500 0.100468
28550 0.0998997
28600 0.10087
28650 0.0993762
28700 0.101512
28750 0.0979365
28800 0.0998192
28850 0.102299
28900 0.102645
28950 0.103148
29000 0.102253
29050 0.102089
29100 0.105058
29150 0.104206
29200 0.1042
29250 0.104114
29300 0.105315
29350 0.10454
29400 0.10519
29450 0.104181
29500 0.103221
29550 0.102989
29600 0.104603
29650 0.105035
29700 0.104206
29750 0.104118
29800 0.105783
29850 0.106454
29900 0.105838
29950 0.106414
30000 0.105212
30050 0.10567
30100 0.107678
30150 0.106067
30200 0.107039
30250 0.103349
30300 0.104874
30350 0.107348
30400 0.107228
30450 0.107156
30500 0.106499
30550 0.106674
30600 0.107723
30650 0.109469
30700 0.108944
30750 0.105708
30800 0.110109
30850 0.109529
30900 0.109824
30950 0.110471
31000 0.107449
31050 0.106302
31100 0.109838
31150 0.110838
31200 0.109977
31250 0.109517
31300 0.109915
31350 0.110755
31400 0.11036
31450 0.111673
31500 0.10942
31550 0.111106
31600 0.112044
31650 0.112242
31700 0.1127
31750 0.112569
31800 0.11328
31850 0.114391
31900 0.113986
31950 0.114323
32000 0.113042
32050 0.110716
32100 0.113325
32150 0.113687
32200 0.114117
32250 0.112969
32300 0.114486
32350 0.114999
32400 0.116232
32450 0.114875
32500 0.112554
32550 0.115565
32600 0.106557
32650 0.107269
32700 0.108116
32750 0.111682
32800 0.11299
32850 0.112911
32900 0.111872
32950 0.11252
33000 0.113771
33050 0.114273
33100 0.114416
33150 0.11429
33200 0.114969
33250 0.115224
33300 0.114886
33350 0.115032
33400 0.113816
33450 0.114472
33500 0.114378
33550 0.118134
33600 0.117148
33650 0.115909
33700 0.118274
33750 0.113394
33800 0.114196
33850 0.114719
33900 0.114722
33950 0.113431
34000 0.11604
34050 0.119255
34100 0.118962
34150 0.118483
34200 0.117102
34250 0.11925
34300 0.122412
34350 0.121632
34400 0.121643
34450 0.120241
34500 0.119476
34550 0.121642
34600 0.119848
34650 0.121391
34700 0.11975
34750 0.121962
34800 0.121291
34850 0.120845
34900 0.124003
34950 0.123358
35000 0.121948
35050 0.121998
35100 0.124152
35150 0.119565
35200 0.123864
35250 0.123376
35300 0.124902
35350 0.124791
35400 0.119784
35450 0.124026
35500 0.125577
35550 0.124669
35600 0.121041
35650 0.120958
35700 0.125265
35750 0.125651
35800 0.12403
35850 0.125329
35900 0.12718
35950 0.1267
36000 0.1251
36050 0.127915
36100 0.128601
36150 0.127229
36200 0.123561
36250 0.124083
36300 0.127942
36350 0.129347
36400 0.12912
36450 0.130053
36500 0.130498
36550 0.130172
36600 0.130234
36650 0.129817
36700 0.130198
36750 0.128876
36800 0.128743
36850 0.131408
36900 0.131204
36950 0.129822
37000 0.130101
37050 0.130764
37100 0.131979
37150 0.127996
37200 0.128161
37250 0.132538
37300 0.130254
37350 0.127941
37400 0.131691
37450 0.130929
37500 0.131312
37550 0.131676
37600 0.130891
37650 0.13431
37700 0.132163
37750 0.130623
37800 0.130479
37850 0.135555
37900 0.134961
37950 0.1339
38000 0.13445
38050 0.135059
38100 0.134913
38150 0.13344
38200 0.134913
38250 0.135206
38300 0.136493
38350 0.135548
38400 0.136538
38450 0.137488
38500 0.136405
38550 0.137461
38600 0.136939
38650 0.137336
38700 0.139033
38750 0.136577
38800 0.136739
38850 0.136617
38900 0.137847
38950 0.138627
39000 0.138618
39050 0.138822
39100 0.140106
39150 0.13784
39200 0.139159
39250 0.139318
39300 0.137883
39350 0.137341
39400 0.140561
39450 0.141536
39500 0.140744
39550 0.137505
39600 0.14107
39650 0.139797
39700 0.137534
39750 0.138936
39800 0.14229
39850 0.14076
39900 0.139858
39950 0.139378
40000 0.140983
40050 0.142262
40100 0.141911
40150 0.141296
40200 0.142561
40250 0.142907
40300 0.139283
40350 0.141027
40400 0.141507
40450 0.140641
40500 0.142212
40550 0.140105
40600 0.141389
40650 0.141856
40700 0.142168
40750 0.140919
40800 0.142463
40850 0.143314
40900 0.143167
40950 0.14236
41000 0.142964
41050 0.143954
41100 0.143789
41150 0.141642
41200 0.14536
41250 0.143705
41300 0.144859
41350 0.14199
41400 0.143662
41450 0.146065
41500 0.146205
41550 0.142322
41600 0.13949
41650 0.144415
41700 0.14829
41750 0.144217
41800 0.146222
41850 0.147331
41900 0.146105
41950 0.146604
42000 0.147017
42050 0.146838
42100 0.14651
42150 0.145599
42200 0.148326
42250 0.14823
42300 0.147632
42350 0.146156
42400 0.15005
42450 0.148015
42500 0.150029
42550 0.146251
42600 0.148683
42650 0.14964
42700 0.149898
42750 0.149571
42800 0.150899
42850 0.149505
42900 0.152289
42950 0.14966
43000 0.150594
43050 0.151805
43100 0.151855
43150 0.149284
43200 0.146551
43250 0.145807
43300 0.152001
43350 0.150906
43400 0.152078
43450 0.152541
43500 0.152474
43550 0.150976
43600 0.153018
43650 0.153128
43700 0.153596
43750 0.153056
43800 0.153622
43850 0.152806
43900 0.153435
43950 0.149706
44000 0.153098
44050 0.15481
44100 0.154573
44150 0.151424
44200 0.155383
44250 0.155314
44300 0.155528
44350 0.153613
44400 0.15504
44450 0.154957
44500 0.154818
44550 0.151852
44600 0.155296
44650 0.156943
44700 0.157287
44750 0.155126
44800 0.159914
44850 0.159802
44900 0.159224
44950 0.158294
45000 0.15933
45050 0.1608
45100 0.160549
45150 0.156008
45200 0.159302
45250 0.160763
45300 0.161421
45350 0.160579
45400 0.160275
45450 0.159369
45500 0.162085
45550 0.162018
45600 0.162762
45650 0.163365
45700 0.162664
45750 0.163111
45800 0.161708
45850 0.162338
45900 0.162741
45950 0.163888
46000 0.164539
46050 0.164579
46100 0.164928
46150 0.165006
46200 0.164649
46250 0.161609
46300 0.161263
46350 0.162631
46400 0.161834
46450 0.163147
46500 0.165774
46550 0.164752
46600 0.164826
46650 0.16454
46700 0.165831
46750 0.165605
46800 0.165046
46850 0.166033
46900 0.166428
46950 0.16658
47000 0.166621
47050 0.166381
47100 0.167542
47150 0.167134
47200 0.166742
47250 0.166934
47300 0.166331
47350 0.168168
47400 0.167792
47450 0.167886
47500 0.167428
47550 0.167665
47600 0.167989
47650 0.167586
47700 0.168632
47750 0.168687
47800 0.16873
47850 0.168794
47900 0.167182
47950 0.171392
48000 0.167952
48050 0.169653
48100 0.170678
48150 0.170717
48200 0.170156
48250 0.170282
48300 0.168743
48350 0.171494
48400 0.170734
48450 0.171338
48500 0.171748
48550 0.171904
48600 0.170266
48650 0.171566
48700 0.171923
48750 0.171962
48800 0.171536
48850 0.171065
48900 0.172659
48950 0.171757
49000 0.171384
49050 0.171924
49100 0.174892
49150 0.173238
49200 0.171891
49250 0.168641
49300 0.174811
49350 0.172356
49400 0.172869
49450 0.172732
49500 0.174138
49550 0.17372
49600 0.174643
49650 0.175685
49700 0.176717
49750 0.176869
49800 0.175343
49850 0.176537
49900 0.17691
49950 0.17336
50000 0.172245
50050 0.17637
50100 0.177445
50150 0.177958
50200 0.178578
50250 0.180953
50300 0.178773
50350 0.178125
50400 0.178231
50450 0.179406
50500 0.178946
50550 0.179404
50600 0.177938
50650 0.179779
50700 0.179838
50750 0.178685
50800 0.181607
50850 0.184337
50900 0.181055
50950 0.182097
51000 0.182479
51050 0.176704
51100 0.189659
51150 0.178979
51200 0.181894
51250 0.183076
51300 0.181798
51350 0.183426
51400 0.18548
51450 0.181325
51500 0.181459
51550 0.183797
51600 0.182914
51650 0.185568
51700 0.182332
51750 0.184302
51800 0.184391
51850 0.18489
51900 0.185921
51950 0.184778
52000 0.182849
52050 0.184559
52100 0.183917
52150 0.18424
52200 0.187066
52250 0.185473
52300 0.186179
52350 0.183407
52400 0.186069
52450 0.190006
52500 0.184305
52550 0.183779
52600 0.186645
52650 0.186485
52700 0.186056
52750 0.189558
52800 0.185003
52850 0.185418
52900 0.187974
52950 0.184534
53000 0.187812
53050 0.184223
53100 0.187423
53150 0.189967
53200 0.187772
53250 0.191768
53300 0.189128
53350 0.189768
53400 0.188884
53450 0.188858
53500 0.19334
53550 0.18968
53600 0.191109
53650 0.191408
53700 0.190499
53750 0.197432
53800 0.191968
53850 0.191826
53900 0.190496
53950 0.19222
54000 0.191633
54050 0.197624
54100 0.191412
54150 0.192284
54200 0.191602
54250 0.193596
54300 0.193392
54350 0.192448
54400 0.193704
54450 0.193733
54500 0.192704
54550 0.195389
54600 0.193286
54650 0.194106
54700 0.193557
54750 0.193775
54800 0.201101
54850 0.194231
54900 0.193893
54950 0.202829
55000 0.192642
55050 0.195396
55100 0.195377
55150 0.19571
55200 0.196903
55250 0.194646
55300 0.196906
55350 0.195348
55400 0.195124
55450 0.196809
55500 0.196862
55550 0.198983
55600 0.196764
55650 0.19802
55700 0.195178
55750 0.196443
55800 0.204675
55850 0.197511
55900 0.198358
55950 0.205183
56000 0.198201
56050 0.197883
56100 0.199322
56150 0.198657
56200 0.198774
56250 0.206462
56300 0.200447
56350 0.199595
56400 0.199278
56450 0.20588
56500 0.200226
56550 0.199548
56600 0.20045
56650 0.200238
56700 0.202048
56750 0.200205
56800 0.201827
56850 0.203903
56900 0.202297
56950 0.202076
57000 0.201683
57050 0.203634
57100 0.20047
57150 0.202169
57200 0.201514
57250 0.20173
57300 0.209674
57350 0.204456
57400 0.203584
57450 0.210412
57500 0.203012
57550 0.204689
57600 0.203433
57650 0.204721
57700 0.205015
57750 0.205267
57800 0.207175
57850 0.205861
57900 0.205979
57950 0.205714
58000 0.207386
58050 0.204749
58100 0.211193
58150 0.206917
58200 0.205036
58250 0.211221
58300 0.204135
58350 0.216051
58400 0.21256
58450 0.207023
58500 0.207443
58550 0.208964
58600 0.207169
58650 0.215076
58700 0.209323
58750 0.209849
58800 0.208575
58850 0.208097
58900 0.209294
58950 0.207937
59000 0.20635
59050 0.209711
59100 0.20858
59150 0.210479
59200 0.216313
59250 0.209718
59300 0.20861
59350 0.217051
59400 0.20552
59450 0.20959
59500 0.210893
59550 0.210636
59600 0.213477
59650 0.20891
59700 0.211985
59750 0.212168
59800 0.210648
59850 0.213021
59900 0.215233
59950 0.213572
60000 0.212649
60050 0.212698
60100 0.213803
60150 0.220113
60200 0.212632
60250 0.212265
60300 0.221855
60350 0.213005
60400 0.212395
60450 0.213754
60500 0.213108
60550 0.213788
60600 0.213594
60650 0.21419
60700 0.21383
60750 0.216562
60800 0.215999
60850 0.218237
60900 0.213543
60950 0.219679
61000 0.221696
61050 0.209717
61100 0.206516
61150 0.215143
61200 0.220316
61250 0.215531
61300 0.21496
61350 0.215912
61400 0.216284
61450 0.215621
61500 0.217452
61550 0.217706
61600 0.216963
61650 0.215845
61700 0.216463
61750 0.219721
61800 0.218051
61850 0.218248
61900 0.218926
61950 0.219422
62000 0.224544
62050 0.218839
62100 0.219949
62150 0.220665
62200 0.222461
62250 0.219884
62300 0.220003
62350 0.220422
62400 0.220898
62450 0.226726
62500 0.220527
62550 0.220787
62600 0.220901
62650 0.220788
62700 0.218971
62750 0.220609
62800 0.221628
62850 0.222185
62900 0.226838
62950 0.222309
63000 0.228381
63050 0.222171
63100 0.224883
63150 0.22181
63200 0.234133
63250 0.223248
63300 0.226799
63350 0.221921
63400 0.223717
63450 0.227938
63500 0.224175
63550 0.22369
63600 0.224855
63650 0.227358
63700 0.224523
63750 0.231974
63800 0.227341
63850 0.225725
63900 0.226751
63950 0.226141
64000 0.227199
64050 0.226913
64100 0.228342
64150 0.226386
64200 0.235415
64250 0.227122
64300 0.227228
64350 0.227937
64400 0.226952
64450 0.226625
64500 0.228389
64550 0.229565
64600 0.231498
64650 0.234682
64700 0.227402
64750 0.228633
64800 0.227731
64850 0.229719
64900 0.228873
64950 0.228119
65000 0.230612
65050 0.231226
65100 0.235011
65150 0.229674
65200 0.229456
65250 0.229631
65300 0.229702
65350 0.235128
65400 0.23213
65450 0.230352
65500 0.233742
65550 0.2362
65600 0.232328
65650 0.232701
65700 0.230869
65750 0.231595
65800 0.231086
65850 0.234059
65900 0.234299
65950 0.237712
66000 0.231882
66050 0.234981
66100 0.233094
66150 0.233891
66200 0.233395
66250 0.233608
66300 0.2391
66350 0.233706
66400 0.240113
66450 0.233795
66500 0.23415
66550 0.235797
66600 0.234539
66650 0.234981
66700 0.237245
66750 0.237923
66800 0.241461
66850 0.234509
66900 0.236424
66950 0.23522
67000 0.236476
67050 0.235646
67100 0.236694
67150 0.239129
67200 0.236222
67250 0.243572
67300 0.237549
67350 0.238673
67400 0.236386
67450 0.245391
67500 0.237509
67550 0.241956
67600 0.238423
67650 0.245226
67700 0.237906
67750 0.238585
67800 0.237849
67850 0.239736
67900 0.238644
67950 0.241586
68000 0.24137
68050 0.24354
68100 0.241132
68150 0.239371
68200 0.240588
68250 0.239309
68300 0.242421
68350 0.241069
68400 0.244282
68450 0.242705
68500 0.242053
68550 0.239957
68600 0.246539
68650 0.242034
68700 0.244118
68750 0.242282
68800 0.250037
68850 0.241423
68900 0.244045
68950 0.244908
69000 0.249529
69050 0.241855
69100 0.244641
69150 0.243116
69200 0.250746
69250 0.244538
69300 0.245357
69350 0.245165
69400 0.246318
69450 0.253273
69500 0.244321
69550 0.245577
69600 0.253063
69650 0.246658
69700 0.247409
69750 0.245291
69800 0.249357
69850 0.246506
69900 0.247965
69950 0.247369
70000 0.253877
70050 0.244704
70100 0.243266
70150 0.248314
70200 0.245834
70250 0.252524
70300 0.248575
70350 0.247801
70400 0.250442
70450 0.251902
70500 0.249722
70550 0.247266
70600 0.246252
70650 0.250657
70700 0.250393
70750 0.24821
70800 0.251336
70850 0.249483
70900 0.247969
70950 0.24868
71000 0.246953
71050 0.248822
71100 0.248887
71150 0.249382
71200 0.249804
71250 0.249788
71300 0.247352
71350 0.249728
71400 0.249681
71450 0.250862
71500 0.249276
71550 0.252963
71600 0.249716
71650 0.251885
71700 0.250455
71750 0.251173
71800 0.250752
71850 0.252138
71900 0.251668
71950 0.251175
72000 0.252505
72050 0.252233
72100 0.252276
72150 0.253628
72200 0.253528
72250 0.253631
72300 0.254898
72350 0.252875
72400 0.253238
72450 0.25387
72500 0.253015
72550 0.252295
72600 0.251501
72650 0.255366
72700 0.253836
72750 0.254985
72800 0.254124
72850 0.255047
72900 0.255462
72950 0.255667
73000 0.257484
73050 0.256293
73100 0.256313
73150 0.25634
73200 0.256548
73250 0.256548
73300 0.256354
73350 0.25634
73400 0.255434
73450 0.258048
73500 0.258531
73550 0.259021
73600 0.259471
73650 0.258966
73700 0.258395
73750 0.258281
73800 0.26005
73850 0.258462
73900 0.259504
73950 0.25857
74000 0.258577
74050 0.260385
74100 0.260729
74150 0.260639
74200 0.261617
74250 0.261385
74300 0.261884
74350 0.260958
74400 0.261693
74450 0.25936
74500 0.26176
74550 0.261717
74600 0.261406
74650 0.262008
74700 0.262252
74750 0.261249
74800 0.261625
74850 0.261594
74900 0.26299
74950 0.262277
75000 0.262087
75050 0.262776
75100 0.262215
75150 0.263715
75200 0.264376
75250 0.26339
75300 0.263755
75350 0.262866
75400 0.264539
75450 0.264963
75500 0.260918
75550 0.263785
75600 0.264604
75650 0.264888
75700 0.265693
75750 0.263277
75800 0.26533
75850 0.263887
75900 0.265937
75950 0.266097
76000 0.264771
76050 0.266181
76100 0.266473
76150 0.266512
76200 0.266683
76250 0.266355
76300 0.266318
76350 0.266987
76400 0.268487
76450 0.267425
76500 0.267017
76550 0.267578
76600 0.267414
76650 0.266617
76700 0.268356
76750 0.268881
76800 0.269443
76850 0.268245
76900 0.270311
76950 0.268802
77000 0.270342
77050 0.268728
77100 0.269427
77150 0.270858
77200 0.271133
77250 0.270734
77300 0.270975
77350 0.268713
77400 0.268932
77450 0.270449
77500 0.267878
77550 0.268257
77600 0.269859
77650 0.268204
77700 0.268565
77750 0.270851
77800 0.271891
77850 0.272856
77900 0.272625
77950 0.276253
78000 0.274795
78050 0.280646
78100 0.273126
78150 0.274824
78200 0.27387
78250 0.275085
78300 0.273843
78350 0.275375
78400 0.273471
78450 0.275125
78500 0.274226
78550 0.275951
78600 0.275384
78650 0.277499
78700 0.276391
78750 0.276165
78800 0.275737
78850 0.27812
78900 0.27486
78950 0.276315
79000 0.282765
79050 0.277086
79100 0.275138
79150 0.277623
79200 0.276758
79250 0.277981
79300 0.276468
79350 0.276204
79400 0.277017
79450 0.279337
79500 0.276121
79550 0.27899
79600 0.278407
79650 0.280099
79700 0.280263
79750 0.279773
79800 0.277829
79850 0.281397
79900 0.278692
79950 0.281518
80000 0.27887
80050 0.280821
80100 0.278787
80150 0.281634
80200 0.279973
80250 0.283536
80300 0.280327
80350 0.281747
80400 0.279267
80450 0.28123
80500 0.281071
80550 0.28205
80600 0.281268
80650 0.283147
80700 0.281416
80750 0.282691
80800 0.283418
80850 0.283796
80900 0.283739
80950 0.284725
81000 0.283299
81050 0.285254
81100 0.282848
81150 0.284991
81200 0.283444
81250 0.28494
81300 0.285443
81350 0.285434
81400 0.283288
81450 0.285851
81500 0.284952
81550 0.285618
81600 0.286353
81650 0.286478
81700 0.28621
81750 0.286845
81800 0.287454
81850 0.28517
81900 0.28633
81950 0.286974
82000 0.287505
82050 0.28831
82100 0.286928
82150 0.289431
82200 0.288048
82250 0.289824
82300 0.288528
82350 0.286062
82400 0.288327
82450 0.290241
82500 0.289362
82550 0.290046
82600 0.28953
82650 0.29041
82700 0.289588
82750 0.290345
82800 0.289836
82850 0.290993
82900 0.28781
82950 0.290379
83000 0.290429
83050 0.292496
83100 0.291098
83150 0.292278
83200 0.291576
83250 0.290276
83300 0.290966
83350 0.292462
83400 0.292058
83450 0.293907
83500 0.291581
83550 0.293006
83600 0.291996
83650 0.29256
83700 0.29342
83750 0.294548
83800 0.293484
83850 0.293937
83900 0.294023
83950 0.294327
84000 0.294038
84050 0.294493
84100 0.293686
84150 0.29564
84200 0.29006
84250 0.295953
84300 0.294582
84350 0.29414
84400 0.294724
84450 0.29578
84500 0.295212
84550 0.297077
84600 0.294267
84650 0.297283
84700 0.296306
84750 0.298306
84800 0.297589
84850 0.298286
84900 0.29733
84950 0.298884
85000 0.298071
85050 0.298574
85100 0.297088
85150 0.297547
85200 0.298785
85250 0.297469
85300 0.299255
85350 0.299307
85400 0.298132
85450 0.300067
85500 0.300154
85550 0.300117
85600 0.300053
85650 0.301074
85700 0.300116
85750 0.300561
85800 0.300352
85850 0.30208
85900 0.300148
85950 0.300743
86000 0.300619
86050 0.301806
86100 0.300964
86150 0.302796
86200 0.301077
86250 0.303352
86300 0.301327
86350 0.30306
86400 0.301654
86450 0.303773
86500 0.302134
86550 0.304023
86600 0.301254
86650 0.304295
86700 0.303337
86750 0.304214
86800 0.302826
86850 0.305314
86900 0.301903
86950 0.304209
87000 0.307633
87050 0.306257
87100 0.304553
87150 0.306378
87200 0.30536
87250 0.30645
87300 0.30605
87350 0.306751
87400 0.305728
87450 0.306024
87500 0.307312
87550 0.307495
87600 0.305618
87650 0.307806
87700 0.305764
87750 0.307579
87800 0.306466
87850 0.306588
87900 0.308225
87950 0.309067
88000 0.308025
88050 0.31059
88100 0.308647
88150 0.311775
88200 0.30872
88250 0.311698
88300 0.308329
88350 0.310575
88400 0.307823
88450 0.309809
88500 0.309637
88550 0.309276
88600 0.30939
88650 0.310081
88700 0.311013
88750 0.310761
88800 0.309393
88850 0.311243
88900 0.310029
88950 0.311682
89000 0.310709
89050 0.312511
89100 0.310642
89150 0.311275
89200 0.309167
89250 0.311853
89300 0.310024
89350 0.310906
89400 0.310846
89450 0.315196
89500 0.311603
89550 0.314952
89600 0.312152
89650 0.315225
89700 0.313743
89750 0.313638
89800 0.309888
89850 0.313948
89900 0.312558
89950 0.315197
90000 0.314198
90050 0.31432
90100 0.314476
90150 0.314131
90200 0.313114
90250 0.314756
90300 0.315968
90350 0.315358
90400 0.314888
90450 0.316991
90500 0.314573
90550 0.316818
90600 0.313856
90650 0.314509
90700 0.315392
90750 0.312591
90800 0.316435
90850 0.317396
90900 0.316866
90950 0.316703
91000 0.318161
91050 0.320445
91100 0.318704
91150 0.318501
91200 0.318457
91250 0.320902
91300 0.326224
91350 0.323378
91400 0.328909
91450 0.320963
91500 0.319078
91550 0.321602
91600 0.320185
91650 0.32198
91700 0.320502
91750 0.322936
91800 0.322396
91850 0.322386
91900 0.318833
91950 0.322015
92000 0.326545
92050 0.329061
92100 0.319957
92150 0.323772
92200 0.32123
92250 0.317584
92300 0.319562
92350 0.321826
92400 0.319993
92450 0.320013
92500 0.321794
92550 0.321863
92600 0.318739
92650 0.323021
92700 0.322873
92750 0.324613
92800 0.322586
92850 0.325128
92900 0.324375
92950 0.326121
93000 0.325259
93050 0.325592
93100 0.323354
93150 0.324039
93200 0.323229
93250 0.325781
93300 0.320579
93350 0.326175
93400 0.325019
93450 0.324
93500 0.324243
93550 0.326632
93600 0.326098
93650 0.326174
93700 0.326793
93750 0.326166
93800 0.328146
93850 0.328566
93900 0.328015
93950 0.328571
94000 0.327533
94050 0.329148
94100 0.328094
94150 0.329156
94200 0.32754
94250 0.329484
94300 0.328698
94350 0.328726
94400 0.328275
94450 0.331527
94500 0.332031
94550 0.329173
94600 0.328296
94650 0.330297
94700 0.33013
94750 0.333971
94800 0.331331
94850 0.333131
94900 0.332323
94950 0.332782
95000 0.331755
95050 0.333615
95100 0.331604
95150 0.358299
95200 0.343631
95250 0.358844
95300 0.335981
95350 0.33098
95400 0.332289
95450 0.334359
95500 0.334016
95550 0.334022
95600 0.334495
95650 0.335574
95700 0.333615
95750 0.335256
95800 0.336274
95850 0.335167
95900 0.334346
95950 0.336506
96000 0.334577
96050 0.336267
96100 0.337309
96150 0.335758
96200 0.334525
96250 0.336005
96300 0.33665
96350 0.337339
96400 0.337643
96450 0.33745
96500 0.338088
96550 0.338454
96600 0.337078
96650 0.340259
96700 0.337078
96750 0.338704
96800 0.335736
96850 0.341259
96900 0.321916
96950 0.332689
97000 0.338843
97050 0.338706
97100 0.335853
97150 0.337582
97200 0.335709
97250 0.341969
97300 0.331366
97350 0.334036
97400 0.331033
97450 0.338758
97500 0.340746
97550 0.34372
97600 0.340815
97650 0.34192
97700 0.342351
97750 0.343472
97800 0.341104
97850 0.34278
97900 0.34184
97950 0.341398
98000 0.34408
98050 0.344033
98100 0.343176
98150 0.343129
98200 0.342189
98250 0.343101
98300 0.34217
98350 0.343548
98400 0.342272
98450 0.33804
98500 0.339806
98550 0.339754
98600 0.339224
98650 0.344255
98700 0.342378
98750 0.337904
98800 0.342266
98850 0.339413
98900 0.422309
98950 0.346517
99000 0.341151
99050 0.342675
99100 0.342659
99150 0.343688
99200 0.34397
99250 0.345939
99300 0.342531
99350 0.343129
99400 0.345911
99450 0.344372
99500 0.343659
99550 0.347188
99600 0.344326
99650 0.343662
99700 0.346311
99750 0.344939
99800 0.346821
99850 0.346324
99900 0.346525
99950 0.347183
100000 0.347621
