50 0.00025879
100 0.00028378
150 0.00032549
200 0.0003154
250 0.0003097
300 0.00033333
350 0.00033968
400 0.00030986
450 0.00033648
500 0.00033173
550 0.00032852
600 0.00034521
650 0.00033215
700 0.000326
750 0.00035545
800 0.00037042
850 0.00034818
900 0.00035278
950 0.00033396
1000 0.00035872
1050 0.00037059
1100 0.0003721
1150 0.00036957
1200 0.00036706
1250 0.00035702
1300 0.00036729
1350 0.00038106
1400 0.00048399
1450 0.00035398
1500 0.00038127
1550 0.00038503
1600 0.0004431
1650 0.00036688
1700 0.00039022
1750 0.00035075
1800 0.00036772
1850 0.00038651
1900 0.00040332
1950 0.00039647
2000 0.00037722
2050 0.00240173
2100 0.00039805
2150 0.0003373
2200 0.00031868
2250 0.00033927
2300 0.00032939
2350 0.00034971
2400 0.00025564
2450 0.00023277
2500 0.0002145
2550 0.00021032
2600 0.00024728
2650 0.00022509
2700 0.00022349
2750 0.00020962
2800 0.0002023
2850 0.00020313
2900 0.00021921
2950 0.00021085
3000 0.00021146
3050 0.00019597
3100 0.0001947
3150 0.00018107
3200 0.00016499
3250 0.00016999
3300 0.0001647
3350 0.00012345
3400 0.00011884
3450 0.00012665
3500 0.0001172
3550 0.00011733
3600 0.00011326
3650 0.00011379
3700 0.00012203
3750 0.00014417
3800 0.0001186
3850 0.00011446
3900 0.00011955
3950 0.00012834
4000 0.0001306
4050 0.00012837
4100 0.00013313
4150 0.00013109
4200 0.00013084
4250 0.00013405
4300 0.00012939
4350 0.00013057
4400 0.00012863
4450 0.00014323
4500 0.00013502
4550 0.00015814
4600 0.00014772
4650 0.00013319
4700 0.00014631
4750 0.00016024
4800 0.00014408
4850 0.00011979
4900 0.00013392
4950 0.00012729
5000 0.00011929
5050 0.0001224
5100 0.00012461
5150 0.00013051
5200 0.00012565
5250 0.0001235
5300 0.00016466
5350 0.00013829
5400 0.00013193
5450 0.0001307
5500 0.00012279
5550 0.00012332
5600 0.00012623
5650 0.00012698
5700 0.00012851
5750 0.00013686
5800 0.00013199
5850 0.00020086
5900 0.00012476
5950 0.00015529
6000 0.00012951
6050 0.00012173
6100 0.00012721
6150 0.00014641
6200 0.00012633
6250 0.00012711
6300 0.00012953
6350 0.00013336
6400 0.00015566
6450 0.00018312
6500 0.00019528
6550 0.00018686
6600 0.00018413
6650 0.00014486
6700 0.00014339
6750 0.00014033
6800 0.00014324
6850 0.00013776
6900 0.0001434
6950 0.00014128
7000 0.000135
7050 0.00014302
7100 0.00013902
7150 0.00015968
7200 0.0001548
7250 0.0001463
7300 0.00013996
7350 0.00014257
7400 0.00013792
7450 0.00013958
7500 0.00013689
7550 0.00014929
7600 0.00013886
7650 0.00014025
7700 0.00014012
7750 0.00013758
7800 0.00014947
7850 0.00014968
7900 0.00014232
7950 0.00014289
8000 0.00013762
8050 0.00014083
8100 0.00013938
8150 0.00014842
8200 0.00014239
8250 0.00013775
8300 0.00013828
8350 0.00014888
8400 0.00014246
8450 0.00014278
8500 0.00013609
8550 0.00014335
8600 0.00014318
8650 0.00015182
8700 0.00015675
8750 0.0001548
8800 0.00014689
8850 0.00014539
8900 0.00015204
8950 0.0001486
9000 0.00015016
9050 0.00015168
9100 0.00014956
9150 0.00014565
9200 0.00016757
9250 0.0001445
9300 0.00014211
9350 0.00014075
9400 0.0001449
9450 0.0001529
9500 0.00014356
9550 0.0001399
9600 0.00014027
9650 0.00014276
9700 0.00015886
9750 0.00014157
9800 0.00015729
9850 0.00014577
9900 0.0001488
9950 0.00014367
10000 0.00014845
10050 0.00014011
10100 0.00015109
10150 0.00017876
10200 0.00015852
10250 0.00015206
10300 0.00014358
10350 0.0001481
10400 0.00015582
10450 0.00014387
10500 0.00014184
10550 0.00014923
10600 0.00014965
10650 0.0001455
10700 0.00014179
10750 0.0001425
10800 0.00014432
10850 0.00014186
10900 0.00014252
10950 0.00014164
11000 0.000151
11050 0.00014731
11100 0.00013953
11150 0.00014735
11200 0.00015721
11250 0.00015178
11300 0.00014146
11350 0.00013981
11400 0.00014259
11450 0.00015809
11500 0.00014989
11550 0.00014878
11600 0.00014847
11650 0.00016204
11700 0.00015327
11750 0.00014954
11800 0.0001472
11850 0.0001745
11900 0.00015341
11950 0.00018197
12000 0.00015571
12050 0.00019442
12100 0.00018569
12150 0.00019103
12200 0.00019277
12250 0.00019301
12300 0.00019285
12350 0.0001921
12400 0.00018911
12450 0.00018485
12500 0.0002017
12550 0.00020033
12600 0.00018867
12650 0.00018513
12700 0.00018593
12750 0.00019828
12800 0.00018125
12850 0.00017889
12900 0.00016385
12950 0.00015309
13000 0.00015173
13050 0.00014858
13100 0.00015656
13150 0.00015742
13200 0.00015826
13250 0.0001443
13300 0.00015935
13350 0.00014338
13400 0.00014415
13450 0.00015411
13500 0.0001473
13550 0.00013939
13600 0.00014225
13650 0.00015054
13700 0.00015905
13750 0.00015064
13800 0.00016048
13850 0.00015329
13900 0.00014642
13950 0.00015261
14000 0.00014736
14050 0.00014894
14100 0.00014569
14150 0.00015667
14200 0.00015188
14250 0.00014994
14300 0.00016426
14350 0.00015075
14400 0.00014828
14450 0.00016022
14500 0.00014678
14550 0.00014642
14600 0.00015429
14650 0.00014937
14700 0.00022726
14750 0.00018802
14800 0.00019991
14850 0.00017268
14900 0.00014632
14950 0.00014658
15000 0.00014387
15050 0.00014629
15100 0.00014814
15150 0.00014783
15200 0.00014782
15250 0.00014122
15300 0.00014242
15350 0.00014117
15400 0.00013992
15450 0.00014653
15500 0.00014078
15550 0.00014157
15600 0.00014534
15650 0.00014323
15700 0.0001449
15750 0.00015741
15800 0.00014264
15850 0.00014322
15900 0.00018956
15950 0.00022246
16000 0.00022309
16050 0.00022344
16100 0.00014762
16150 0.00014412
16200 0.00015172
16250 0.00015279
16300 0.00014322
16350 0.00016381
16400 0.00016169
16450 0.00015274
16500 0.00016128
16550 0.00015229
16600 0.00015935
16650 0.00016557
16700 0.00015733
16750 0.00016423
16800 0.00015741
16850 0.00016144
16900 0.00016658
16950 0.00015743
17000 0.00015414
17050 0.0001716
17100 0.00015425
17150 0.00018162
17200 0.00015783
17250 0.00015446
17300 0.00015711
17350 0.00015655
17400 0.00015277
17450 0.00016314
17500 0.00015608
17550 0.00015921
17600 0.00015759
17650 0.00015565
17700 0.00016128
17750 0.00015505
17800 0.00015654
17850 0.00015306
17900 0.00015206
17950 0.00016285
18000 0.00016581
18050 0.00015539
18100 0.00015672
18150 0.00015037
18200 0.00015548
18250 0.00015165
18300 0.00018802
18350 0.00017129
18400 0.00016271
18450 0.00017085
18500 0.00015953
18550 0.00015663
18600 0.00016376
18650 0.00015511
18700 0.00016209
18750 0.0001676
18800 0.00015748
18850 0.00017257
18900 0.00017319
18950 0.00017552
19000 0.00017833
19050 0.00017648
19100 0.000168
19150 0.00016607
19200 0.00015725
19250 0.00015918
19300 0.00016036
19350 0.00016606
19400 0.00016222
19450 0.00016427
19500 0.00018099
19550 0.00022678
19600 0.00023801
19650 0.00022451
19700 0.00023032
19750 0.00022019
19800 0.00259548
19850 0.0001972
19900 0.00015791
19950 0.00015633
20000 0.00016652
20050 0.00016105
20100 0.0001665
20150 0.00015843
20200 0.0001625
20250 0.00015662
20300 0.00016615
20350 0.00016177
20400 0.00015704
20450 0.00016016
20500 0.00015518
20550 0.00016441
20600 0.00017115
20650 0.00016321
20700 0.00016086
20750 0.00016337
20800 0.0001588
20850 0.00015823
20900 0.00016486
20950 0.00015361
21000 0.00016249
21050 0.00016273
21100 0.00016427
21150 0.00016481
21200 0.00016671
21250 0.00016091
21300 0.00015632
21350 0.00017301
21400 0.00016544
21450 0.00017455
21500 0.00015855
21550 0.00017245
21600 0.00019232
21650 0.00017248
21700 0.00016998
21750 0.00017867
21800 0.00016686
21850 0.00016037
21900 0.00016812
21950 0.00016021
22000 0.00016671
22050 0.00016308
22100 0.00020244
22150 0.00017477
22200 0.00016123
22250 0.00016333
22300 0.00015832
22350 0.00018412
22400 0.00015952
22450 0.00016221
22500 0.00016295
22550 0.00015718
22600 0.00015926
22650 0.00016267
22700 0.00016232
22750 0.00016444
22800 0.00017179
22850 0.00016557
22900 0.00016905
22950 0.00016324
23000 0.00016167
23050 0.00015873
23100 0.00015821
23150 0.00014844
23200 0.00016334
23250 0.00016508
23300 0.00016437
23350 0.00015756
23400 0.00016403
23450 0.00015996
23500 0.00016378
23550 0.00015947
23600 0.00016136
23650 0.00015917
23700 0.00016216
23750 0.00016227
23800 0.00016329
23850 0.00015991
23900 0.00016327
23950 0.00015321
24000 0.00016785
24050 0.00016378
24100 0.00017319
24150 0.00015912
24200 0.00015932
24250 0.00016061
24300 0.00015497
24350 0.00018411
24400 0.00018116
24450 0.00015809
24500 0.00015512
24550 0.00016272
24600 0.00015845
24650 0.00015621
24700 0.00016397
24750 0.0001617
24800 0.00018192
24850 0.0001625
24900 0.00015669
24950 0.0001673
25000 0.0001613
25050 0.00016026
25100 0.00017992
25150 0.00015933
25200 0.00017688
25250 0.0001606
25300 0.00017112
25350 0.00016036
25400 0.0001768
25450 0.00015997
25500 0.00017654
25550 0.0001564
25600 0.00015929
25650 0.00015426
25700 0.00017756
25750 0.00017082
25800 0.00016303
25850 0.00017266
25900 0.0001596
25950 0.0002122
26000 0.00023026
26050 0.00022379
26100 0.00015941
26150 0.00016363
26200 0.00015338
26250 0.00015534
26300 0.00015008
26350 0.00016023
26400 0.00014984
26450 0.0001655
26500 0.00016162
26550 0.00017932
26600 0.000167
26650 0.00015396
26700 0.00015694
26750 0.0001565
26800 0.00016522
26850 0.00016973
26900 0.00015498
26950 0.00016277
27000 0.00015741
27050 0.00016286
27100 0.00015357
27150 0.00015889
27200 0.00015984
27250 0.00015243
27300 0.00015718
27350 0.00015855
27400 0.00015838
27450 0.00015572
27500 0.00015539
27550 0.00015193
27600 0.00017587
27650 0.00016751
27700 0.0001549
27750 0.00015395
27800 0.0001528
27850 0.00015581
27900 0.00015492
27950 0.00021908
28000 0.000201
28050 0.00015545
28100 0.00015732
28150 0.00015443
28200 0.00016668
28250 0.00015321
28300 0.00015074
28350 0.00015853
28400 0.000155
28450 0.00016574
28500 0.00015299
28550 0.00015135
28600 0.00015631
28650 0.00015
28700 0.00015888
28750 0.00015188
28800 0.00014829
28850 0.00015568
28900 0.0002003
28950 0.00015454
29000 0.0001527
29050 0.00014953
29100 0.000169
29150 0.00015407
29200 0.00015767
29250 0.00021116
29300 0.00018297
29350 0.00015556
29400 0.00016259
29450 0.00016414
29500 0.00016317
29550 0.00015822
29600 0.00017516
29650 0.00016844
29700 0.00016671
29750 0.00020374
29800 0.00023552
29850 0.00018641
29900 0.00015666
29950 0.00016237
30000 0.00016853
30050 0.00016501
30100 0.0001813
30150 0.00023206
30200 0.00017057
30250 0.00016275
30300 0.0001554
30350 0.00016535
30400 0.00016061
30450 0.0001675
30500 0.00016113
30550 0.00017507
30600 0.00016647
30650 0.00016853
30700 0.00017188
30750 0.00016012
30800 0.00016345
30850 0.00015384
30900 0.00015754
30950 0.00016599
31000 0.00015498
31050 0.0001585
31100 0.00016091
31150 0.00016836
31200 0.00019109
31250 0.00016145
31300 0.00016244
31350 0.0001642
31400 0.00017485
31450 0.0001705
31500 0.00016437
31550 0.00016189
31600 0.00016016
31650 0.00015734
31700 0.000162
31750 0.00015911
31800 0.00016567
31850 0.00016027
31900 0.00016027
31950 0.00016939
32000 0.00015107
32050 0.00015926
32100 0.00016578
32150 0.00016067
32200 0.00016948
32250 0.00015999
32300 0.00015836
32350 0.00016729
32400 0.00015738
32450 0.00016775
32500 0.00016544
32550 0.00015875
32600 0.00016929
32650 0.00016278
32700 0.00018081
32750 0.00016229
32800 0.00017103
32850 0.00016388
32900 0.00016888
32950 0.00017692
33000 0.00016235
33050 0.00017437
33100 0.00019949
33150 0.0002518
33200 0.00022824
33250 0.00016272
33300 0.00016953
33350 0.00017374
33400 0.00015767
33450 0.00019854
33500 0.00019707
33550 0.00016524
33600 0.00017762
33650 0.00017406
33700 0.0002488
33750 0.00017473
33800 0.00017007
33850 0.00016959
33900 0.00018077
33950 0.00018788
34000 0.00015887
34050 0.00016773
34100 0.0001678
34150 0.00016245
34200 0.00016885
34250 0.0001671
34300 0.00016841
34350 0.00016795
34400 0.00016634
34450 0.00017002
34500 0.00016632
34550 0.0001818
34600 0.00017818
34650 0.0001663
34700 0.0001806
34750 0.00017803
34800 0.00017006
34850 0.00017272
34900 0.00019119
34950 0.00017191
35000 0.00016502
35050 0.00016901
35100 0.00017349
35150 0.00016611
35200 0.0001708
35250 0.00017296
35300 0.00017415
35350 0.00017503
35400 0.00020295
35450 0.00018986
35500 0.00018098
35550 0.00017336
35600 0.00017729
35650 0.00017198
35700 0.00017965
35750 0.00018307
35800 0.00017511
35850 0.00018472
35900 0.00018341
35950 0.00018446
36000 0.00018564
36050 0.00019021
36100 0.00017654
36150 0.00017893
36200 0.00022591
36250 0.00024325
36300 0.00016729
36350 0.00017349
36400 0.00017056
36450 0.00016461
36500 0.00016859
36550 0.00016061
36600 0.00016229
36650 0.00016272
36700 0.00016505
36750 0.00016893
36800 0.00016943
36850 0.00016131
36900 0.0001621
36950 0.00015427
37000 0.00015919
37050 0.00015826
37100 0.00016272
37150 0.00016218
37200 0.00015803
37250 0.00016528
37300 0.00016161
37350 0.00016372
37400 0.00016543
37450 0.00016365
37500 0.00016091
37550 0.00017036
37600 0.00016061
37650 0.00015956
37700 0.00015996
37750 0.00015516
37800 0.00017473
37850 0.00016092
37900 0.00016393
37950 0.00016514
38000 0.00015894
38050 0.00016175
38100 0.00016997
38150 0.00016614
38200 0.00016458
38250 0.00016587
38300 0.00016193
38350 0.00016027
38400 0.00016303
38450 0.0001745
38500 0.00016193
38550 0.00021219
38600 0.00020734
38650 0.00015806
38700 0.0001649
38750 0.00016415
38800 0.00015945
38850 0.00016041
38900 0.00017473
38950 0.00019237
39000 0.00025043
39050 0.00019362
39100 0.00016432
39150 0.0002278
39200 0.00016053
39250 0.00016303
39300 0.00016765
39350 0.00016377
39400 0.00015673
39450 0.00016377
39500 0.00017087
39550 0.00016834
39600 0.00016735
39650 0.0001715
39700 0.00017772
39750 0.00017523
39800 0.00017901
39850 0.00016898
39900 0.00017772
39950 0.00018101
40000 0.00017256
40050 0.00017054
40100 0.00017399
40150 0.00017289
40200 0.00016279
40250 0.00016676
40300 0.00017506
40350 0.0001713
40400 0.00020863
40450 0.00019415
40500 0.00019049
40550 0.00016502
40600 0.00016209
40650 0.00016513
40700 0.00017067
40750 0.00021517
40800 0.00017963
40850 0.00016571
40900 0.00017498
40950 0.00018773
41000 0.0002218
41050 0.00030134
41100 0.0001785
41150 0.00019436
41200 0.00017696
41250 0.00020498
41300 0.00020666
41350 0.00018887
41400 0.00021729
41450 0.0001877
41500 0.00020447
41550 0.00020265
41600 0.00018964
41650 0.00018957
41700 0.0001882
41750 0.00019805
41800 0.0002076
41850 0.0001815
41900 0.00019503
41950 0.00018391
42000 0.00018986
42050 0.00019471
42100 0.00019344
42150 0.00017055
42200 0.00018034
42250 0.00018405
42300 0.00019851
42350 0.00019315
42400 0.00022611
42450 0.00018974
42500 0.00017834
42550 0.00017363
42600 0.00017688
42650 0.00018343
42700 0.0001892
42750 0.00017331
42800 0.00018429
42850 0.00017881
42900 0.00019325
42950 0.00019346
43000 0.00018354
43050 0.00017318
43100 0.00018663
43150 0.0001927
43200 0.00017535
43250 0.00020381
43300 0.00020826
43350 0.00020541
43400 0.00020077
43450 0.0001922
43500 0.00018938
43550 0.00020375
43600 0.00021954
43650 0.00020444
43700 0.00019984
43750 0.0001946
43800 0.00021545
43850 0.00020178
43900 0.00023904
43950 0.00019871
44000 0.00018012
44050 0.00020369
44100 0.00020118
44150 0.00018841
44200 0.00016359
44250 0.00019615
44300 0.00024416
44350 0.00018383
44400 0.00017092
44450 0.00017079
44500 0.00017616
44550 0.0001713
44600 0.00017329
44650 0.00017534
44700 0.00017384
44750 0.00017126
44800 0.00017208
44850 0.00017363
44900 0.00019554
44950 0.00017358
45000 0.00017197
45050 0.00017539
45100 0.00018821
45150 0.00017438
45200 0.0001713
45250 0.00016614
45300 0.00016054
45350 0.00015956
45400 0.00015744
45450 0.00017325
45500 0.00016991
45550 0.00017164
45600 0.00016618
45650 0.00018032
45700 0.00018148
45750 0.00017067
45800 0.00016699
45850 0.00016717
45900 0.00016631
45950 0.00019359
46000 0.00021753
46050 0.00022527
46100 0.00021786
46150 0.00022142
46200 0.00022382
46250 0.0002276
46300 0.00022062
46350 0.00022362
46400 0.00018189
46450 0.0001689
46500 0.00016196
46550 0.00016422
46600 0.00017409
46650 0.00021298
46700 0.00023993
46750 0.00016461
46800 0.00016488
46850 0.0001667
46900 0.00016478
46950 0.00016623
47000 0.00016535
47050 0.00017095
47100 0.00020318
47150 0.00016422
47200 0.00023072
47250 0.00016671
47300 0.00016597
47350 0.00016716
47400 0.00016053
47450 0.000159
47500 0.00016249
47550 0.0001603
47600 0.0001618
47650 0.0001626
47700 0.0001614
47750 0.00016177
47800 0.00017721
47850 0.00018366
47900 0.00020099
47950 0.00018428
48000 0.00020653
48050 0.00022001
48100 0.00018703
48150 0.00018351
48200 0.00018232
48250 0.00016467
48300 0.00020285
48350 0.00017093
48400 0.00020718
48450 0.00017984
48500 0.00022097
48550 0.00019021
48600 0.00021833
48650 0.00017589
48700 0.00018913
48750 0.00019089
48800 0.00019484
48850 0.00020668
48900 0.0001985
48950 0.00017781
49000 0.00019504
49050 0.00018897
49100 0.00018577
49150 0.00019823
49200 0.00017319
49250 0.00020879
49300 0.00018282
49350 0.00019598
49400 0.00019679
49450 0.00019883
49500 0.00019839
49550 0.00019351
49600 0.00018545
49650 0.00017553
49700 0.00019383
49750 0.00018024
49800 0.00020102
49850 0.00018743
49900 0.00022644
49950 0.00017764
50000 0.00020258
50050 0.00019521
50100 0.00020174
50150 0.00020727
50200 0.00020616
50250 0.00020739
50300 0.00021724
50350 0.00018389
50400 0.00018592
50450 0.00021604
50500 0.00018459
50550 0.00022029
50600 0.00018108
50650 0.00020383
50700 0.0001732
50750 0.00019247
50800 0.00018734
50850 0.00018108
50900 0.0001914
50950 0.00018295
51000 0.00018947
51050 0.00018954
51100 0.00022265
51150 0.00018077
51200 0.00017424
51250 0.00018389
51300 0.00017409
51350 0.00016726
51400 0.000168
51450 0.00016478
51500 0.00016756
51550 0.00016691
51600 0.00015845
51650 0.00016346
51700 0.00016456
51750 0.00015869
51800 0.00016315
51850 0.00017108
51900 0.00016941
51950 0.00016762
52000 0.00018105
52050 0.00017626
52100 0.00017375
52150 0.00016664
52200 0.00016827
52250 0.00018364
52300 0.00016174
52350 0.0001635
52400 0.00017304
52450 0.00017164
52500 0.00016138
52550 0.00016442
52600 0.00016195
52650 0.00016757
52700 0.00016793
52750 0.0001635
52800 0.00016386
52850 0.00016785
52900 0.00017177
52950 0.00016701
53000 0.00016324
53050 0.00016351
53100 0.00017884
53150 0.00018076
53200 0.00017186
53250 0.0001709
53300 0.00016889
53350 0.0002147
53400 0.00017907
53450 0.00019774
53500 0.00018755
53550 0.00020112
53600 0.00018737
53650 0.00018106
53700 0.0002133
53750 0.00017044
53800 0.00018844
53850 0.00019226
53900 0.0001731
53950 0.0002151
54000 0.00018479
54050 0.00020472
54100 0.00019646
54150 0.00020207
54200 0.00020739
54250 0.00018841
54300 0.00021851
54350 0.00017473
54400 0.00023891
54450 0.0002045
54500 0.00017573
54550 0.00018057
54600 0.0001848
54650 0.00018669
54700 0.00018989
54750 0.00017989
54800 0.00021415
54850 0.00018818
54900 0.00019606
54950 0.00020549
55000 0.00022426
55050 0.00023464
55100 0.00020626
55150 0.00022179
55200 0.00019572
55250 0.00020064
55300 0.00017767
55350 0.0001833
55400 0.00022442
55450 0.00018884
55500 0.00018967
55550 0.0001741
55600 0.00020497
55650 0.00019277
55700 0.00018428
55750 0.00022747
55800 0.00021418
55850 0.00020897
55900 0.00022783
55950 0.00017757
56000 0.0001901
56050 0.00019956
56100 0.00021153
56150 0.00020129
56200 0.00016988
56250 0.0001946
56300 0.0001846
56350 0.00018938
56400 0.00020369
56450 0.00018558
56500 0.0001904
56550 0.00021284
56600 0.00019907
56650 0.00018444
56700 0.00018925
56750 0.00016827
56800 0.00017708
56850 0.00017249
56900 0.00016468
56950 0.0001935
57000 0.00017268
57050 0.00017921
57100 0.00018049
57150 0.00016858
57200 0.00016584
57250 0.00017841
57300 0.00017392
57350 0.00016703
57400 0.00016844
57450 0.00017661
57500 0.00017777
57550 0.00016067
57600 0.00016046
57650 0.00016484
57700 0.00016143
57750 0.00016439
57800 0.00018516
57850 0.00016641
57900 0.00016685
57950 0.0001722
58000 0.0001764
58050 0.00016914
58100 0.00018847
58150 0.00018265
58200 0.00022375
58250 0.00021646
58300 0.00018478
58350 0.00019411
58400 0.00018934
58450 0.00017886
58500 0.00018442
58550 0.00026634
58600 0.00018617
58650 0.0001857
58700 0.00018586
58750 0.00017401
58800 0.00017043
58850 0.00017385
58900 0.00017599
58950 0.00018622
59000 0.00019121
59050 0.00017795
59100 0.00018858
59150 0.00018039
59200 0.00017557
59250 0.00018081
59300 0.0001844
59350 0.00018569
59400 0.00019108
59450 0.0001791
59500 0.00017731
59550 0.0001811
59600 0.00019674
59650 0.00017472
59700 0.00018036
59750 0.0001802
59800 0.00025653
59850 0.00017546
59900 0.0001771
59950 0.00017859
60000 0.00018281
60050 0.0001808
60100 0.00017087
60150 0.00019055
60200 0.0001743
60250 0.00017433
60300 0.00017411
60350 0.00016802
60400 0.00017103
60450 0.00016352
60500 0.00016705
60550 0.00016372
60600 0.00016162
60650 0.00016768
60700 0.00016704
60750 0.00016247
60800 0.00017395
60850 0.0001657
60900 0.00016025
60950 0.00016218
61000 0.0001631
61050 0.00016681
61100 0.00016491
61150 0.00021808
61200 0.00017621
61250 0.00016461
61300 0.00016355
61350 0.00017746
61400 0.00018589
61450 0.00017256
61500 0.00022045
61550 0.00016988
61600 0.00016782
61650 0.00016685
61700 0.00017181
61750 0.00016822
61800 0.00016352
61850 0.00016877
61900 0.00016614
61950 0.00016196
62000 0.00017034
62050 0.00018423
62100 0.00017936
62150 0.00017433
62200 0.00017641
62250 0.00017982
62300 0.00023186
62350 0.000197
62400 0.00018402
62450 0.00019093
62500 0.00017386
62550 0.0001818
62600 0.00018536
62650 0.0001696
62700 0.00017423
62750 0.00020728
62800 0.00019494
62850 0.00018416
62900 0.00019948
62950 0.00018732
63000 0.00018924
63050 0.00039799
63100 0.00018803
63150 0.00018339
63200 0.00016704
63250 0.00016891
63300 0.00018007
63350 0.00018467
63400 0.00020261
63450 0.00018641
63500 0.00019729
63550 0.00021041
63600 0.00018193
63650 0.00019184
63700 0.00021043
63750 0.00019335
63800 0.00019482
63850 0.00016376
63900 0.00016441
63950 0.00018167
64000 0.00017571
64050 0.00017917
64100 0.00017335
64150 0.00017884
64200 0.00017425
64250 0.00016788
64300 0.00018835
64350 0.00016331
64400 0.00017564
64450 0.00016191
64500 0.00016886
64550 0.00016947
64600 0.00025563
64650 0.00024784
64700 0.00018353
64750 0.0002132
64800 0.00019129
64850 0.00019596
64900 0.00018553
64950 0.00016613
65000 0.00016872
65050 0.00016278
65100 0.00016401
65150 0.00018286
65200 0.00016431
65250 0.00017239
65300 0.00017025
65350 0.00017355
65400 0.00016145
65450 0.00017493
65500 0.00016532
65550 0.00017005
65600 0.00019628
65650 0.00016931
65700 0.00018043
65750 0.00017681
65800 0.00019114
65850 0.00016938
65900 0.00017637
65950 0.00017149
66000 0.00017023
66050 0.00017608
66100 0.00016791
66150 0.00016698
66200 0.00017751
66250 0.0001709
66300 0.00017412
66350 0.00017804
66400 0.00018909
66450 0.00017883
66500 0.0001863
66550 0.00017415
66600 0.00017495
66650 0.00017134
66700 0.00017038
66750 0.00017189
66800 0.00017786
66850 0.00016861
66900 0.00017399
66950 0.00017403
67000 0.00017864
67050 0.00017453
67100 0.00017256
67150 0.00017591
67200 0.00017366
67250 0.00019272
67300 0.0001803
67350 0.00017076
67400 0.00017365
67450 0.00017237
67500 0.00017287
67550 0.00017378
67600 0.00018201
67650 0.00019023
67700 0.00019558
67750 0.00018087
67800 0.00017741
67850 0.00018006
67900 0.00018121
67950 0.00017279
68000 0.00018077
68050 0.00018652
68100 0.00020384
68150 0.00018955
68200 0.00018435
68250 0.00018091
68300 0.00017982
68350 0.00017537
68400 0.00017907
68450 0.00018084
68500 0.00020533
68550 0.00019664
68600 0.00018369
68650 0.00018061
68700 0.00017336
68750 0.00018197
68800 0.00019886
68850 0.00018627
68900 0.00017294
68950 0.00018778
69000 0.00018683
69050 0.0001804
69100 0.0001754
69150 0.00021132
69200 0.00025196
69250 0.00023831
69300 0.00020862
69350 0.0001837
69400 0.00018525
69450 0.00018816
69500 0.0002085
69550 0.00019029
69600 0.00018176
69650 0.00020159
69700 0.00019804
69750 0.00019002
69800 0.00020101
69850 0.00021457
69900 0.00018704
69950 0.00017854
70000 0.00019277
70050 0.00019628
70100 0.00017375
70150 0.0001866
70200 0.00017872
70250 0.00017579
70300 0.00020365
70350 0.00020339
70400 0.00019491
70450 0.00018679
70500 0.000187
70550 0.0002062
70600 0.00022605
70650 0.00019721
70700 0.00017068
70750 0.00018076
70800 0.00019502
70850 0.0001828
70900 0.00019483
70950 0.0001972
71000 0.00019257
71050 0.00018594
71100 0.0001696
71150 0.00016753
71200 0.00020606
71250 0.00019529
71300 0.00021464
71350 0.0001929
71400 0.0001938
71450 0.00017982
71500 0.00018254
71550 0.00017367
71600 0.00020972
71650 0.00020092
71700 0.00018635
71750 0.00018648
71800 0.0001743
71850 0.00017337
71900 0.00017002
71950 0.00017034
72000 0.0001855
72050 0.0002621
72100 0.00026623
72150 0.00026289
72200 0.00024813
72250 0.00025888
72300 0.00019869
72350 0.00022822
72400 0.00018428
72450 0.00016992
72500 0.0001722
72550 0.00017308
72600 0.00018329
72650 0.00018137
72700 0.00017239
72750 0.00016682
72800 0.00023614
72850 0.00020202
72900 0.00023856
72950 0.00026506
73000 0.00025422
73050 0.00018176
73100 0.00016938
73150 0.00017731
73200 0.00020428
73250 0.00016619
73300 0.00017481
73350 0.00020186
73400 0.00022253
73450 0.00017355
73500 0.00017209
73550 0.0003121
73600 0.00020354
73650 0.00016928
73700 0.00017268
73750 0.00018183
73800 0.00019982
73850 0.00018731
73900 0.00018281
73950 0.00020277
74000 0.00017159
74050 0.00018043
74100 0.00017653
74150 0.00017498
74200 0.00017887
74250 0.00018619
74300 0.00019262
74350 0.00018588
74400 0.00018717
74450 0.0002248
74500 0.00023888
74550 0.00023994
74600 0.00017968
74650 0.00018182
74700 0.00017642
74750 0.00017534
74800 0.00017471
74850 0.00017689
74900 0.00019215
74950 0.00017621
75000 0.00021381
75050 0.00017112
75100 0.00017768
75150 0.00020247
75200 0.00021739
75250 0.00018906
75300 0.00018264
75350 0.00017727
75400 0.00017002
75450 0.00017367
75500 0.00018683
75550 0.00018586
75600 0.00017523
75650 0.00016973
75700 0.00024848
75750 0.00026097
75800 0.00019456
75850 0.00017802
75900 0.00017488
75950 0.00017075
76000 0.0001757
76050 0.00018726
76100 0.0001928
76150 0.00017869
76200 0.00017701
76250 0.00016515
76300 0.00018087
76350 0.00021658
76400 0.00017286
76450 0.00018202
76500 0.00017181
76550 0.00017568
76600 0.00017707
76650 0.00018999
76700 0.00017325
76750 0.00017409
76800 0.00017222
76850 0.00016943
76900 0.00018876
76950 0.0001872
77000 0.00017393
77050 0.00016889
77100 0.00018113
77150 0.00016681
77200 0.00016864
77250 0.00017305
77300 0.00017457
77350 0.0002363
77400 0.00020045
77450 0.00017458
77500 0.00017956
77550 0.00017127
77600 0.00017353
77650 0.00018046
77700 0.00020395
77750 0.00019289
77800 0.00017971
77850 0.00017007
77900 0.00017765
77950 0.00016858
78000 0.00019595
78050 0.00017889
78100 0.0001708
78150 0.00016836
78200 0.00018006
78250 0.00016798
78300 0.00017433
78350 0.00016894
78400 0.0001728
78450 0.00017493
78500 0.00019075
78550 0.00017162
78600 0.0001913
78650 0.00018287
78700 0.00018095
78750 0.00017955
78800 0.0001766
78850 0.00018079
78900 0.00017142
78950 0.0001733
79000 0.00018414
79050 0.0001701
79100 0.0002031
79150 0.0001763
79200 0.00017745
79250 0.0001756
79300 0.00017153
79350 0.0001746
79400 0.00017962
79450 0.0001832
79500 0.00018517
79550 0.00017499
79600 0.00017277
79650 0.00016908
79700 0.00017725
79750 0.00018577
79800 0.00017917
79850 0.00016976
79900 0.00017533
79950 0.00018205
80000 0.00018302
80050 0.00018258
80100 0.0001796
80150 0.00019113
80200 0.00017907
80250 0.00017662
80300 0.000175
80350 0.00018317
80400 0.00019076
80450 0.00017392
80500 0.00016893
80550 0.00016839
80600 0.00017451
80650 0.0002004
80700 0.00025189
80750 0.00017674
80800 0.00020635
80850 0.00017334
80900 0.00018317
80950 0.00017653
81000 0.00017957
81050 0.00017428
81100 0.00021169
81150 0.00017456
81200 0.00017705
81250 0.0001662
81300 0.00018739
81350 0.00018458
81400 0.00017814
81450 0.00017346
81500 0.00022802
81550 0.00018258
81600 0.00017917
81650 0.0001715
81700 0.00017118
81750 0.00017179
81800 0.00017461
81850 0.00029043
81900 0.00025141
81950 0.00024623
82000 0.00023433
82050 0.000242
82100 0.00021086
82150 0.00017879
82200 0.00020374
82250 0.0001822
82300 0.00018043
82350 0.00017207
82400 0.0001749
82450 0.00019025
82500 0.00016944
82550 0.00021821
82600 0.00020667
82650 0.00017397
82700 0.00019792
82750 0.00017251
82800 0.00019667
82850 0.00016948
82900 0.00017331
82950 0.00016844
83000 0.0001975
83050 0.00017687
83100 0.00017369
83150 0.00019152
83200 0.00021363
83250 0.00017161
83300 0.00017541
83350 0.00018997
83400 0.0001737
83450 0.00021904
83500 0.00020922
83550 0.00018938
83600 0.00017274
83650 0.00016844
83700 0.00017376
83750 0.0001765
83800 0.00017846
83850 0.0001619
83900 0.00017754
83950 0.00017102
84000 0.00017392
84050 0.00017296
84100 0.00017316
84150 0.0001693
84200 0.00017923
84250 0.00023103
84300 0.00018271
84350 0.00017559
84400 0.00017086
84450 0.00017481
84500 0.00018766
84550 0.00017602
84600 0.00017216
84650 0.0001692
84700 0.00016616
84750 0.00017316
84800 0.00017898
84850 0.0001734
84900 0.00017046
84950 0.00017236
85000 0.00017463
85050 0.00017176
85100 0.00019658
85150 0.00017976
85200 0.00017386
85250 0.00017637
85300 0.00020284
85350 0.00018059
85400 0.00020444
85450 0.00018613
85500 0.00018917
85550 0.00019543
85600 0.00018555
85650 0.00021188
85700 0.00023251
85750 0.00022339
85800 0.00029037
85850 0.00024449
85900 0.00021518
85950 0.00017828
86000 0.0001978
86050 0.00018637
86100 0.00019517
86150 0.00020277
86200 0.00020106
86250 0.000199
86300 0.00021211
86350 0.00019325
86400 0.00018141
86450 0.00017329
86500 0.00017489
86550 0.00016872
86600 0.00019258
86650 0.0001767
86700 0.00017171
86750 0.00026195
86800 0.00028321
86850 0.00025097
86900 0.00024444
86950 0.00021749
87000 0.0001937
87050 0.00019612
87100 0.00019114
87150 0.00018922
87200 0.00020996
87250 0.00018964
87300 0.00018348
87350 0.00017761
87400 0.00018904
87450 0.00018413
87500 0.00018937
87550 0.0001819
87600 0.00017101
87650 0.00017952
87700 0.00018885
87750 0.00017966
87800 0.00021158
87850 0.00022724
87900 0.00023069
87950 0.00019103
88000 0.00021474
88050 0.00025886
88100 0.00022787
88150 0.00022054
88200 0.00025244
88250 0.00023798
88300 0.00021287
88350 0.00024407
88400 0.00021326
88450 0.00019672
88500 0.00020574
88550 0.00018984
88600 0.00017784
88650 0.00018989
88700 0.00018309
88750 0.00017647
88800 0.00018796
88850 0.00018555
88900 0.00018105
88950 0.00023591
89000 0.00020998
89050 0.00022586
89100 0.00024143
89150 0.00021927
89200 0.00023099
89250 0.00019155
89300 0.00019656
89350 0.00018454
89400 0.00019498
89450 0.00017743
89500 0.00018609
89550 0.00019166
89600 0.00018254
89650 0.00017196
89700 0.00017579
89750 0.0001757
89800 0.00019298
89850 0.00017834
89900 0.00017804
89950 0.00017645
90000 0.00017879
90050 0.00017305
90100 0.00018426
90150 0.00017378
90200 0.00017518
90250 0.00017826
90300 0.00019509
90350 0.00018212
90400 0.00019051
90450 0.00019127
90500 0.00017707
90550 0.00018486
90600 0.00018985
90650 0.00018099
90700 0.00017964
90750 0.00020545
90800 0.00018407
90850 0.00017403
90900 0.0001825
90950 0.00017448
91000 0.00017456
91050 0.00017867
91100 0.00018048
91150 0.00017478
91200 0.00018583
91250 0.00018821
91300 0.00019124
91350 0.00017798
91400 0.0001924
91450 0.00017762
91500 0.00017594
91550 0.00018
91600 0.00018735
91650 0.00019357
91700 0.00020083
91750 0.00017448
91800 0.00017667
91850 0.00017486
91900 0.00017265
91950 0.00017077
92000 0.00017437
92050 0.00017134
92100 0.00017757
92150 0.00040612
92200 0.00018487
92250 0.00023359
92300 0.00020036
92350 0.00020528
92400 0.00019515
92450 0.00019138
92500 0.00018027
92550 0.00018463
92600 0.00019959
92650 0.00017882
92700 0.00019648
92750 0.00020265
92800 0.00019456
92850 0.00021493
92900 0.00018687
92950 0.00017721
93000 0.00018512
93050 0.00017501
93100 0.00018597
93150 0.00017766
93200 0.00019923
93250 0.00018359
93300 0.0001898
93350 0.00018817
93400 0.00018914
93450 0.00018887
93500 0.00019481
93550 0.00018426
93600 0.00018412
93650 0.00017958
93700 0.00019574
93750 0.00017979
93800 0.00018259
93850 0.00018346
93900 0.00019267
93950 0.00019364
94000 0.00019108
94050 0.00020019
94100 0.00021071
94150 0.00020815
94200 0.00019062
94250 0.00020719
94300 0.00021186
94350 0.00017765
94400 0.00017149
94450 0.00018625
94500 0.00017492
94550 0.00016987
94600 0.00017289
94650 0.00016974
94700 0.00016976
94750 0.00020507
94800 0.00017736
94850 0.00017251
94900 0.00016978
94950 0.00016772
95000 0.00016862
95050 0.00016757
95100 0.00016883
95150 0.00017069
95200 0.0001687
95250 0.00016629
95300 0.00017119
95350 0.00019027
95400 0.00018488
95450 0.00017128
95500 0.0001695
95550 0.00016994
95600 0.00017413
95650 0.00018846
95700 0.00017416
95750 0.00018394
95800 0.00017773
95850 0.00017297
95900 0.00018911
95950 0.00017533
96000 0.00017284
96050 0.00018415
96100 0.00017907
96150 0.0001743
96200 0.00018806
96250 0.00021675
96300 0.00017985
96350 0.00017028
96400 0.00017508
96450 0.00017531
96500 0.00018187
96550 0.00017573
96600 0.00017236
96650 0.0002185
96700 0.00017466
96750 0.00017778
96800 0.00018041
96850 0.00017202
96900 0.00018509
96950 0.00016737
97000 0.00017105
97050 0.00017578
97100 0.00017764
97150 0.00019345
97200 0.00020143
97250 0.00016733
97300 0.0001759
97350 0.00017188
97400 0.00017521
97450 0.00017455
97500 0.00017447
97550 0.00017103
97600 0.00017888
97650 0.00016723
97700 0.00018782
97750 0.00017539
97800 0.00017705
97850 0.00017488
97900 0.00017428
97950 0.00018369
98000 0.00019369
98050 0.00018452
98100 0.00018807
98150 0.00018589
98200 0.00018954
98250 0.00018466
98300 0.00017816
98350 0.00017363
98400 0.00017317
98450 0.00017674
98500 0.00017969
98550 0.00017295
98600 0.00017426
98650 0.00016846
98700 0.00017645
98750 0.00017251
98800 0.0001771
98850 0.00018441
98900 0.00017394
98950 0.00017733
99000 0.00017746
99050 0.00017471
99100 0.00019014
99150 0.00018603
99200 0.00018565
99250 0.00017688
99300 0.00018828
99350 0.00018842
99400 0.00021756
99450 0.00018699
99500 0.00019531
99550 0.00020167
99600 0.00019677
99650 0.0001803
99700 0.00020409
99750 0.00017956
99800 0.00018941
99850 0.00017745
99900 0.00018088
99950 0.00017838
100000 0.0001932
