50 0.00058967
100 0.00103375
150 0.00152452
200 0.00194061
250 0.00245463
300 0.00283245
350 0.00324186
400 0.00377877
450 0.00417009
500 0.00457573
550 0.00567434
600 0.00526307
650 0.00736883
700 0.00789325
750 0.00683984
800 0.00706228
850 0.00744716
900 0.00817085
950 0.00955651
1000 0.0102029
1050 0.00953663
1100 0.00958014
1150 0.0100002
1200 0.0107926
1250 0.0121774
1300 0.0130996
1350 0.0137776
1400 0.0127852
1450 0.0125115
1500 0.0164048
1550 0.0137849
1600 0.0142812
1650 0.0145277
1700 0.0185748
1750 0.0149281
1800 0.0160007
1850 0.0177256
1900 0.0196002
1950 0.0172097
2000 0.0177546
2050 0.0192468
2100 0.0187443
2150 0.0136153
2200 0.0144946
2250 0.0137706
2300 0.0139472
2350 0.014799
2400 0.0136671
2450 0.0120463
2500 0.01107
2550 0.0113336
2600 0.0117934
2650 0.0117419
2700 0.0166154
2750 0.0103638
2800 0.0101059
2850 0.0103192
2900 0.0108305
2950 0.0127117
3000 0.0109242
3050 0.0114221
3100 0.0098718
3150 0.00986208
3200 0.00923665
3250 0.0106611
3300 0.00980152
3350 0.0118979
3400 0.0122158
3450 0.012066
3500 0.0128298
3550 0.0122571
3600 0.0122879
3650 0.012697
3700 0.01253
3750 0.0118954
3800 0.0130426
3850 0.0133247
3900 0.0126601
3950 0.012581
4000 0.0129887
4050 0.013924
4100 0.0133026
4150 0.0135245
4200 0.0137069
4250 0.0137015
4300 0.0151495
4350 0.0145659
4400 0.0148245
4450 0.0138633
4500 0.0153797
4550 0.0131053
4600 0.0139326
4650 0.0150378
4700 0.015602
4750 0.0135127
4800 0.0150765
4850 0.0170239
4900 0.0171887
4950 0.0171762
5000 0.0174223
5050 0.0172536
5100 0.0183599
5150 0.0177073
5200 0.0179738
5250 0.0181156
5300 0.0177858
5350 0.0175785
5400 0.0178461
5450 0.0198072
5500 0.0193803
5550 0.019116
5600 0.0192222
5650 0.0201447
5700 0.0198725
5750 0.0189659
5800 0.0205493
5850 0.0202984
5900 0.0203624
5950 0.0197292
6000 0.0207413
6050 0.0210401
6100 0.0214725
6150 0.0206072
6200 0.0212216
6250 0.0217238
6300 0.0225861
6350 0.021459
6400 0.0200483
6450 0.0195102
6500 0.0183957
6550 0.0186139
6600 0.018542
6650 0.0218577
6700 0.0218815
6750 0.0229331
6800 0.0228471
6850 0.0229689
6900 0.0236404
6950 0.023123
7000 0.0238203
7050 0.0240852
7100 0.0236662
7150 0.0217792
7200 0.0236169
7250 0.0233418
7300 0.0254649
7350 0.0246594
7400 0.0249668
7450 0.0257282
7500 0.025349
7550 0.024552
7600 0.026606
7650 0.0256595
7700 0.0268483
7750 0.0263822
7800 0.0255865
7850 0.0264526
7900 0.0263535
7950 0.0277234
8000 0.0274521
8050 0.0275305
8100 0.0285607
8150 0.0269646
8200 0.0290516
8250 0.0290258
8300 0.0297006
8350 0.0274193
8400 0.0287717
8450 0.0300488
8500 0.0302064
8550 0.0306202
8600 0.0299043
8650 0.0298054
8700 0.0287798
8750 0.0300722
8800 0.0297916
8850 0.0304534
8900 0.0304696
8950 0.0301715
9000 0.0323226
9050 0.0317685
9100 0.0326797
9150 0.0321194
9200 0.0326564
9250 0.0323021
9300 0.0335294
9350 0.0326696
9400 0.0339105
9450 0.0327817
9500 0.0340574
9550 0.0337701
9600 0.0347959
9650 0.0340388
9700 0.0341035
9750 0.0347842
9800 0.0333544
9850 0.0341259
9900 0.0352818
9950 0.034991
10000 0.0358276
10050 0.035663
10100 0.0354419
10150 0.0317454
10200 0.0333383
10250 0.0354757
10300 0.0364739
10350 0.0362913
10400 0.0353395
10450 0.0376558
10500 0.0368877
10550 0.0364726
10600 0.0367923
10650 0.0382797
10700 0.0388918
10750 0.037895
10800 0.0387187
10850 0.038493
10900 0.0394522
10950 0.0383986
11000 0.0392677
11050 0.0395211
11100 0.0397151
11150 0.0387014
11200 0.0375614
11250 0.0384183
11300 0.0392812
11350 0.0401207
11400 0.0402314
11450 0.038146
11500 0.04012
11550 0.0405203
11600 0.0405452
11650 0.0387106
11700 0.0396441
11750 0.0410655
11800 0.0402177
11850 0.038134
11900 0.0410222
11950 0.0369001
12000 0.0404932
12050 0.0330872
12100 0.0347401
12150 0.0335101
12200 0.0352265
12250 0.0340682
12300 0.0359268
12350 0.034834
12400 0.0361317
12450 0.0340646
12500 0.0360307
12550 0.0356881
12600 0.0349592
12650 0.0375976
12700 0.0381123
12750 0.0380872
12800 0.037892
12850 0.0387912
12900 0.0419706
12950 0.0437837
13000 0.044736
13050 0.0451842
13100 0.0439577
13150 0.0448455
13200 0.0436939
13250 0.0458183
13300 0.0447917
13350 0.0476639
13400 0.0475456
13450 0.0470369
13500 0.0481781
13550 0.0482833
13600 0.0475714
13650 0.0467419
13700 0.0450701
13750 0.0474181
13800 0.0471288
13850 0.0479834
13900 0.0480579
13950 0.049256
14000 0.0491802
14050 0.0489112
14100 0.0488996
14150 0.0493471
14200 0.0494214
14250 0.0496478
14300 0.0477431
14350 0.0505158
14400 0.0506483
14450 0.0495292
14500 0.0504551
14550 0.051425
14600 0.0504011
14650 0.0519649
14700 0.0414406
14750 0.0469334
14800 0.0429982
14850 0.0470373
14900 0.0528307
14950 0.0531724
15000 0.0540052
15050 0.0536395
15100 0.0535817
15150 0.0543747
15200 0.054855
15250 0.0550046
15300 0.0542991
15350 0.0554677
15400 0.0557294
15450 0.0552354
15500 0.0556604
15550 0.0559336
15600 0.0549309
15650 0.0562932
15700 0.0566655
15750 0.0561634
15800 0.0569516
15850 0.0570644
15900 0.0504448
15950 0.0480329
16000 0.0483174
16050 0.0467409
16100 0.0583299
16150 0.0581167
16200 0.0572299
16250 0.0563887
16300 0.0589277
16350 0.0574025
16400 0.0582158
16450 0.0591676
16500 0.0585318
16550 0.0594561
16600 0.0587062
16650 0.0560131
16700 0.0587654
16750 0.057498
16800 0.0588137
16850 0.059521
16900 0.058559
16950 0.0591864
17000 0.0601403
17050 0.0578113
17100 0.0602771
17150 0.0551366
17200 0.0599476
17250 0.0610285
17300 0.0619077
17350 0.0624193
17400 0.061923
17450 0.0603288
17500 0.0618685
17550 0.0622304
17600 0.0622201
17650 0.0633395
17700 0.0622994
17750 0.0640296
17800 0.0634451
17850 0.064211
17900 0.0644402
17950 0.0632376
18000 0.0622841
18050 0.0640237
18100 0.0643121
18150 0.0652622
18200 0.0648595
18250 0.0657322
18300 0.0607235
18350 0.0622983
18400 0.0643676
18450 0.0595645
18500 0.0649413
18550 0.0652133
18600 0.0647431
18650 0.0658179
18700 0.0644922
18750 0.0638538
18800 0.0660179
18850 0.0649226
18900 0.0668357
18950 0.0668275
19000 0.0671416
19050 0.0677261
19100 0.0666802
19150 0.0653626
19200 0.0671398
19250 0.0671451
19300 0.0668166
19350 0.0660691
19400 0.0666483
19450 0.0673713
19500 0.0635128
19550 0.057131
19600 0.0568122
19650 0.0570846
19700 0.0569876
19750 0.058427
19800 0.0598782
19850 0.0618728
19900 0.0703028
19950 0.0698262
20000 0.0685945
20050 0.071345
20100 0.0699671
20150 0.0718407
20200 0.0709696
20250 0.0724523
20300 0.0707225
20350 0.07163
20400 0.0719119
20450 0.0719328
20500 0.0734707
20550 0.0711371
20600 0.0702103
20650 0.0716442
20700 0.0718185
20750 0.072119
20800 0.0724467
20850 0.072672
20900 0.0719404
20950 0.0748828
21000 0.0726767
21050 0.0733374
21100 0.0731535
21150 0.0729715
21200 0.0724804
21250 0.0742194
21300 0.074425
21350 0.070206
21400 0.0735421
21450 0.0711562
21500 0.074861
21550 0.0740077
21600 0.0687277
21650 0.0738411
21700 0.0739968
21750 0.0716912
21800 0.0740134
21850 0.0762132
21900 0.0754365
21950 0.0765618
22000 0.077658
22050 0.0764261
22100 0.0709162
22150 0.0735703
22200 0.0788355
22250 0.0768936
22300 0.0799867
22350 0.0726748
22400 0.0788813
22450 0.0763196
22500 0.079887
22550 0.0794887
22600 0.0796034
22650 0.0788649
22700 0.0793154
22750 0.0785448
22800 0.0782892
22850 0.0787842
22900 0.0783127
22950 0.0804306
23000 0.0789498
23050 0.0790314
23100 0.0805861
23150 0.0813001
23200 0.0815135
23250 0.0814826
23300 0.081668
23350 0.0825171
23400 0.0807057
23450 0.0828769
23500 0.0811543
23550 0.082396
23600 0.0833902
23650 0.0835238
23700 0.0826448
23750 0.0816913
23800 0.0833031
23850 0.0840373
23900 0.0840052
23950 0.0849587
24000 0.0833202
24050 0.0829201
24100 0.0840282
24150 0.084834
24200 0.0853467
24250 0.0845309
24300 0.0867743
24350 0.0790624
24400 0.0774632
24450 0.0852864
24500 0.0882768
24550 0.0852357
24600 0.0877832
24650 0.0869639
24700 0.0876998
24750 0.0870679
24800 0.0784723
24850 0.0864657
24900 0.0876891
24950 0.0853645
25000 0.0855392
25050 0.089172
25100 0.0825519
25150 0.0884539
25200 0.081265
25250 0.0878481
25300 0.0831844
25350 0.089408
25400 0.0823397
25450 0.0875382
25500 0.080454
25550 0.0898567
25600 0.0902361
25650 0.0909553
25700 0.08615
25750 0.0917772
25800 0.0896006
25850 0.0839337
25900 0.0918598
25950 0.0812925
26000 0.0769942
26050 0.0787804
26100 0.0915735
26150 0.0909982
26200 0.0932864
26250 0.0925245
26300 0.0936945
26350 0.0917723
26400 0.0942111
26450 0.0905879
26500 0.0926982
26550 0.08857
26600 0.0925675
26650 0.0947265
26700 0.09369
26750 0.0938806
26800 0.092309
26850 0.0896258
26900 0.0943747
26950 0.0943172
27000 0.0943599
27050 0.0923722
27100 0.0952625
27150 0.0947775
27200 0.0951526
27250 0.0962012
27300 0.0957085
27350 0.0938179
27400 0.0956638
27450 0.0967107
27500 0.0974372
27550 0.0979542
27600 0.0930312
27650 0.0914415
27700 0.0975992
27750 0.0987311
27800 0.0978827
27850 0.0988617
27900 0.0991517
27950 0.0816253
28000 0.086761
28050 0.0997668
28100 0.0993254
28150 0.0998392
28200 0.0954344
28250 0.100148
28300 0.101222
28350 0.099132
28400 0.100554
28450 0.0974565
28500 0.10088
28550 0.101883
28600 0.101351
28650 0.10221
28700 0.100185
28750 0.10135
28800 0.102976
28850 0.102021
28900 0.102405
28950 0.101435
29000 0.103011
29050 0.103916
29100 0.102919
29150 0.103177
29200 0.103236
29250 0.103107
29300 0.0993873
29350 0.103616
29400 0.102983
29450 0.100989
29500 0.104163
29550 0.104273
29600 0.101815
29650 0.103659
29700 0.104793
29750 0.0959387
29800 0.0899045
29850 0.0991101
29900 0.106842
29950 0.106203
30000 0.103957
30050 0.101851
30100 0.106909
30150 0.105981
30200 0.102103
30250 0.106447
30300 0.107117
30350 0.104979
30400 0.107186
30450 0.102818
30500 0.107761
30550 0.103812
30600 0.103002
30650 0.108237
30700 0.105482
30750 0.107635
30800 0.107103
30850 0.109163
30900 0.109425
30950 0.109237
31000 0.109629
31050 0.110252
31100 0.108488
31150 0.10445
31200 0.098723
31250 0.104313
31300 0.108178
31350 0.106335
31400 0.108082
31450 0.10561
31500 0.106948
31550 0.107737
31600 0.108663
31650 0.109322
31700 0.107879
31750 0.110377
31800 0.107366
31850 0.109643
31900 0.109755
31950 0.105485
32000 0.113866
32050 0.110068
32100 0.107809
32150 0.112577
32200 0.105799
32250 0.11098
32300 0.111497
32350 0.107138
32400 0.113253
32450 0.109134
32500 0.112061
32550 0.112902
32600 0.110962
32650 0.109032
32700 0.108076
32750 0.11097
32800 0.111794
32850 0.115849
32900 0.111502
32950 0.108149
33000 0.115467
33050 0.113719
33100 0.109499
33150 0.0971328
33200 0.100727
33250 0.118118
33300 0.114521
33350 0.116413
33400 0.11921
33450 0.103787
33500 0.0989775
33550 0.116711
33600 0.113627
33650 0.114118
33700 0.116379
33750 0.114439
33800 0.115355
33850 0.116206
33900 0.114863
33950 0.110608
34000 0.120674
34050 0.116723
34100 0.117728
34150 0.120867
34200 0.116663
34250 0.116875
34300 0.121574
34350 0.117698
34400 0.119296
34450 0.119095
34500 0.120689
34550 0.11722
34600 0.117128
34650 0.121913
34700 0.114502
34750 0.118934
34800 0.122622
34850 0.121009
34900 0.115635
34950 0.119636
35000 0.123946
35050 0.123076
35100 0.123515
35150 0.124438
35200 0.122531
35250 0.121915
35300 0.122598
35350 0.121912
35400 0.110928
35450 0.116903
35500 0.120411
35550 0.122579
35600 0.121518
35650 0.121687
35700 0.123647
35750 0.121113
35800 0.122099
35850 0.120746
35900 0.119702
35950 0.117727
36000 0.124198
36050 0.114811
36100 0.122669
36150 0.128569
36200 0.113772
36250 0.108982
36300 0.128607
36350 0.127001
36400 0.129581
36450 0.130058
36500 0.128854
36550 0.128818
36600 0.129107
36650 0.128997
36700 0.12825
36750 0.128712
36800 0.126703
36850 0.130785
36900 0.131017
36950 0.132039
37000 0.132069
37050 0.131631
37100 0.131495
37150 0.131615
37200 0.133214
37250 0.131305
37300 0.131954
37350 0.131093
37400 0.131304
37450 0.131794
37500 0.131748
37550 0.128794
37600 0.134351
37650 0.134331
37700 0.134301
37750 0.134748
37800 0.131532
37850 0.134881
37900 0.134056
37950 0.134134
38000 0.134611
38050 0.134748
38100 0.129916
38150 0.133001
38200 0.133932
38250 0.134383
38300 0.13438
38350 0.136056
38400 0.135397
38450 0.134092
38500 0.135351
38550 0.116056
38600 0.120747
38650 0.136723
38700 0.135958
38750 0.136608
38800 0.13763
38850 0.137865
38900 0.13508
38950 0.130165
39000 0.115506
39050 0.131623
39100 0.137017
39150 0.14009
39200 0.138622
39250 0.140641
39300 0.138226
39350 0.140284
39400 0.141219
39450 0.140396
39500 0.13857
39550 0.138852
39600 0.138626
39650 0.139219
39700 0.132723
39750 0.137785
39800 0.136546
39850 0.13978
39900 0.136742
39950 0.135179
40000 0.13601
40050 0.138781
40100 0.138925
40150 0.141464
40200 0.141045
40250 0.140919
40300 0.136938
40350 0.141763
40400 0.127772
40450 0.131711
40500 0.138344
40550 0.142317
40600 0.14453
40650 0.144283
40700 0.141313
40750 0.124049
40800 0.142832
40850 0.143301
40900 0.140755
40950 0.135942
41000 0.120043
41050 0.124697
41100 0.136574
41150 0.134791
41200 0.13712
41250 0.127314
41300 0.126148
41350 0.126811
41400 0.123471
41450 0.141105
41500 0.128159
41550 0.137112
41600 0.137985
41650 0.137806
41700 0.128218
41750 0.131395
41800 0.121735
41850 0.137802
41900 0.132359
41950 0.138426
42000 0.133441
42050 0.132338
42100 0.136048
42150 0.144889
42200 0.139677
42250 0.141391
42300 0.130495
42350 0.13873
42400 0.128911
42450 0.136018
42500 0.140298
42550 0.146257
42600 0.145622
42650 0.141711
42700 0.137535
42750 0.145135
42800 0.139528
42850 0.147438
42900 0.135115
42950 0.13386
43000 0.138887
43050 0.146988
43100 0.142242
43150 0.141034
43200 0.147183
43250 0.131202
43300 0.130722
43350 0.130593
43400 0.134216
43450 0.140657
43500 0.142244
43550 0.136615
43600 0.129748
43650 0.129806
43700 0.131932
43750 0.146199
43800 0.128275
43850 0.13363
43900 0.13901
43950 0.140543
44000 0.152603
44050 0.151464
44100 0.139329
44150 0.148426
44200 0.157202
44250 0.14984
44300 0.131896
44350 0.151319
44400 0.155788
44450 0.154644
44500 0.153267
44550 0.15689
44600 0.155797
44650 0.157209
44700 0.15525
44750 0.157469
44800 0.157885
44850 0.15611
44900 0.148302
44950 0.153651
45000 0.156895
45050 0.158181
45100 0.153556
45150 0.159208
45200 0.159009
45250 0.160049
45300 0.16078
45350 0.161229
45400 0.162148
45450 0.157318
45500 0.159298
45550 0.154781
45600 0.160739
45650 0.161485
45700 0.156007
45750 0.163423
45800 0.163965
45850 0.16346
45900 0.161502
45950 0.149024
46000 0.131223
46050 0.127376
46100 0.127563
46150 0.12748
46200 0.12796
46250 0.128256
46300 0.128253
46350 0.131518
46400 0.153019
46450 0.159672
46500 0.163458
46550 0.162232
46600 0.160922
46650 0.149852
46700 0.140623
46750 0.162845
46800 0.16288
46850 0.16566
46900 0.164591
46950 0.165971
47000 0.165308
47050 0.162994
47100 0.149639
47150 0.165361
47200 0.139814
47250 0.165793
47300 0.164171
47350 0.162419
47400 0.166887
47450 0.16688
47500 0.167649
47550 0.168448
47600 0.169145
47650 0.168567
47700 0.169357
47750 0.168363
47800 0.163718
47850 0.157944
47900 0.141762
47950 0.157815
48000 0.143102
48050 0.134078
48100 0.158279
48150 0.159035
48200 0.157242
48250 0.169267
48300 0.149548
48350 0.168311
48400 0.151045
48450 0.166589
48500 0.142713
48550 0.155756
48600 0.143502
48650 0.16615
48700 0.160776
48750 0.153259
48800 0.150891
48850 0.145571
48900 0.153413
48950 0.165136
49000 0.157485
49050 0.162194
49100 0.165503
49150 0.154113
49200 0.167542
49250 0.156075
49300 0.16487
49350 0.156264
49400 0.154916
49450 0.148769
49500 0.154424
49550 0.159954
49600 0.165364
49650 0.171328
49700 0.161142
49750 0.171219
49800 0.156912
49850 0.162645
49900 0.146193
49950 0.173566
50000 0.150298
50050 0.153721
50100 0.155776
50150 0.152147
50200 0.153037
50250 0.150607
50300 0.152577
50350 0.168568
50400 0.163695
50450 0.141141
50500 0.168162
50550 0.141176
50600 0.169812
50650 0.156837
50700 0.172541
50750 0.163303
50800 0.17162
50850 0.167411
50900 0.167144
50950 0.173554
51000 0.165589
51050 0.165115
51100 0.142291
51150 0.170754
51200 0.175
51250 0.170363
51300 0.174354
51350 0.177219
51400 0.180783
51450 0.181624
51500 0.180396
51550 0.18309
51600 0.183469
51650 0.182368
51700 0.181857
51750 0.184112
51800 0.183305
51850 0.184155
51900 0.184167
51950 0.183092
52000 0.175799
52050 0.174065
52100 0.17977
52150 0.183518
52200 0.184854
52250 0.178445
52300 0.184865
52350 0.185375
52400 0.179458
52450 0.185662
52500 0.185886
52550 0.184596
52600 0.186557
52650 0.186102
52700 0.182919
52750 0.186348
52800 0.185715
52850 0.182957
52900 0.186629
52950 0.184319
53000 0.187093
53050 0.187688
53100 0.181743
53150 0.180391
53200 0.18375
53250 0.184808
53300 0.185518
53350 0.171541
53400 0.181473
53450 0.163919
53500 0.180775
53550 0.171091
53600 0.170736
53650 0.181316
53700 0.158024
53750 0.186553
53800 0.17158
53850 0.17481
53900 0.184246
53950 0.155895
54000 0.176721
54050 0.165098
54100 0.171391
54150 0.168744
54200 0.161072
54250 0.18302
54300 0.15795
54350 0.186772
54400 0.154384
54450 0.177116
54500 0.172688
54550 0.185793
54600 0.182694
54650 0.175032
54700 0.183373
54750 0.184101
54800 0.178364
54850 0.175611
54900 0.174111
54950 0.166189
55000 0.158328
55050 0.161862
55100 0.174523
55150 0.154113
55200 0.176522
55250 0.167656
55300 0.187384
55350 0.183156
55400 0.156902
55450 0.183748
55500 0.182707
55550 0.189392
55600 0.167165
55650 0.185621
55700 0.190232
55750 0.166291
55800 0.173543
55850 0.165446
55900 0.166325
55950 0.190012
56000 0.180436
56050 0.170782
56100 0.168227
56150 0.18324
56200 0.193455
56250 0.177071
56300 0.189593
56350 0.183223
56400 0.173601
56450 0.190236
56500 0.178451
56550 0.165188
56600 0.178356
56650 0.193452
56700 0.188195
56750 0.196989
56800 0.19681
56850 0.196409
56900 0.199154
56950 0.186915
57000 0.195397
57050 0.1969
57100 0.191694
57150 0.1984
57200 0.201198
57250 0.19759
57300 0.195307
57350 0.200642
57400 0.19877
57450 0.19314
57500 0.195585
57550 0.203985
57600 0.203632
57650 0.207165
57700 0.206617
57750 0.205716
57800 0.194825
57850 0.204137
57900 0.205629
57950 0.198539
58000 0.201947
58050 0.202092
58100 0.19443
58150 0.198487
58200 0.182451
58250 0.190675
58300 0.187754
58350 0.194899
58400 0.189591
58450 0.197312
58500 0.198854
58550 0.195767
58600 0.200096
58650 0.195334
58700 0.197868
58750 0.199981
58800 0.203746
58850 0.201324
58900 0.20172
58950 0.201058
59000 0.196419
59050 0.20292
59100 0.197718
59150 0.198914
59200 0.20197
59250 0.201093
59300 0.198486
59350 0.199651
59400 0.203
59450 0.205038
59500 0.207065
59550 0.201002
59600 0.194804
59650 0.204234
59700 0.202597
59750 0.207381
59800 0.206293
59850 0.207598
59900 0.204885
59950 0.207578
60000 0.203654
60050 0.203745
60100 0.209777
60150 0.20388
60200 0.207735
60250 0.204597
60300 0.206982
60350 0.210529
60400 0.208578
60450 0.213496
60500 0.211975
60550 0.212937
60600 0.213425
60650 0.211062
60700 0.212202
60750 0.213172
60800 0.2095
60850 0.212008
60900 0.213324
60950 0.216121
61000 0.217041
61050 0.216061
61100 0.217904
61150 0.178457
61200 0.211171
61250 0.217473
61300 0.216468
61350 0.21815
61400 0.208623
61450 0.214255
61500 0.181112
61550 0.217815
61600 0.219497
61650 0.217207
61700 0.216759
61750 0.218822
61800 0.220547
61850 0.21897
61900 0.219888
61950 0.221447
62000 0.217728
62050 0.212872
62100 0.216965
62150 0.217646
62200 0.221443
62250 0.215683
62300 0.179365
62350 0.204283
62400 0.211299
62450 0.210727
62500 0.218838
62550 0.217849
62600 0.212836
62650 0.219715
62700 0.217542
62750 0.192473
62800 0.203088
62850 0.212969
62900 0.206453
62950 0.209006
63000 0.210477
63050 0.219411
63100 0.210782
63150 0.217452
63200 0.222098
63250 0.225357
63300 0.224144
63350 0.219481
63400 0.220693
63450 0.224406
63500 0.221364
63550 0.212368
63600 0.215392
63650 0.213524
63700 0.202744
63750 0.211617
63800 0.208867
63850 0.222689
63900 0.224551
63950 0.218838
64000 0.227077
64050 0.219316
64100 0.224511
64150 0.224363
64200 0.218269
64250 0.2245
64300 0.216997
64350 0.225917
64400 0.215251
64450 0.226693
64500 0.224612
64550 0.224195
64600 0.183305
64650 0.200105
64700 0.214999
64750 0.213588
64800 0.216019
64850 0.217038
64900 0.220794
64950 0.229423
65000 0.224253
65050 0.228607
65100 0.229818
65150 0.219113
65200 0.230651
65250 0.224364
65300 0.229578
65350 0.226242
65400 0.231513
65450 0.225715
65500 0.227906
65550 0.231496
65600 0.220596
65650 0.231775
65700 0.226307
65750 0.227357
65800 0.222581
65850 0.230589
65900 0.229888
65950 0.230365
66000 0.231667
66050 0.231192
66100 0.233269
66150 0.233177
66200 0.229325
66250 0.23099
66300 0.233378
66350 0.233617
66400 0.230042
66450 0.232248
66500 0.225916
66550 0.234069
66600 0.234404
66650 0.232327
66700 0.234934
66750 0.233133
66800 0.233241
66850 0.232237
66900 0.232533
66950 0.2352
67000 0.235055
67050 0.235984
67100 0.236571
67150 0.235805
67200 0.235705
67250 0.228591
67300 0.236804
67350 0.235412
67400 0.240441
67450 0.239045
67500 0.239229
67550 0.239189
67600 0.237633
67650 0.235614
67700 0.22811
67750 0.234415
67800 0.238075
67850 0.236881
67900 0.234636
67950 0.235306
68000 0.235627
68050 0.233762
68100 0.235449
68150 0.234444
68200 0.235347
68250 0.238207
68300 0.236554
68350 0.240529
68400 0.240285
68450 0.237998
68500 0.224512
68550 0.223763
68600 0.240287
68650 0.241993
68700 0.241189
68750 0.239328
68800 0.228952
68850 0.235088
68900 0.239529
68950 0.237318
69000 0.238711
69050 0.239978
69100 0.240813
69150 0.232334
69200 0.204225
69250 0.209018
69300 0.240983
69350 0.240791
69400 0.244209
69450 0.243685
69500 0.225596
69550 0.231499
69600 0.23666
69650 0.232543
69700 0.229806
69750 0.233365
69800 0.227209
69850 0.233054
69900 0.237079
69950 0.239084
70000 0.237078
70050 0.240411
70100 0.243804
70150 0.237765
70200 0.242111
70250 0.241885
70300 0.234145
70350 0.23695
70400 0.232207
70450 0.238069
70500 0.243452
70550 0.230926
70600 0.229081
70650 0.230633
70700 0.246155
70750 0.245877
70800 0.236817
70850 0.246507
70900 0.244043
70950 0.231828
71000 0.239539
71050 0.236988
71100 0.247988
71150 0.248647
71200 0.22744
71250 0.229556
71300 0.228701
71350 0.242653
71400 0.248914
71450 0.246202
71500 0.249984
71550 0.249345
71600 0.235019
71650 0.238087
71700 0.249776
71750 0.247221
71800 0.248655
71850 0.251448
71900 0.251084
71950 0.25242
72000 0.243497
72050 0.201282
72100 0.203073
72150 0.200738
72200 0.203567
72250 0.202861
72300 0.238373
72350 0.225773
72400 0.251239
72450 0.254089
72500 0.252205
72550 0.251957
72600 0.245676
72650 0.24985
72700 0.251377
72750 0.253876
72800 0.221208
72850 0.24039
72900 0.222039
72950 0.203413
73000 0.213318
73050 0.248859
73100 0.255116
73150 0.252431
73200 0.248739
73250 0.257555
73300 0.255515
73350 0.240078
73400 0.225826
73450 0.256194
73500 0.257171
73550 0.241475
73600 0.249895
73650 0.256787
73700 0.258092
73750 0.249204
73800 0.244562
73850 0.252783
73900 0.256699
73950 0.243788
74000 0.256565
74050 0.256463
74100 0.258754
74150 0.257969
74200 0.254973
74250 0.250795
74300 0.25322
74350 0.253154
74400 0.256049
74450 0.250647
74500 0.240321
74550 0.232553
74600 0.253571
74650 0.25519
74700 0.257344
74750 0.259778
74800 0.257734
74850 0.258815
74900 0.252995
74950 0.260118
75000 0.246568
75050 0.262168
75100 0.2589
75150 0.240839
75200 0.247039
75250 0.251068
75300 0.263956
75350 0.258418
75400 0.263108
75450 0.260798
75500 0.257239
75550 0.262174
75600 0.261357
75650 0.2641
75700 0.223767
75750 0.212142
75800 0.253904
75850 0.260334
75900 0.26373
75950 0.264899
76000 0.261978
76050 0.258167
76100 0.253955
76150 0.262247
76200 0.264172
76250 0.266486
76300 0.264423
76350 0.240803
76400 0.265165
76450 0.261298
76500 0.26554
76550 0.264514
76600 0.263084
76650 0.258507
76700 0.267123
76750 0.268381
76800 0.266213
76850 0.269254
76900 0.260378
76950 0.258485
77000 0.266539
77050 0.269072
77100 0.266232
77150 0.269134
77200 0.268462
77250 0.268012
77300 0.268273
77350 0.261955
77400 0.259436
77450 0.268377
77500 0.26828
77550 0.270719
77600 0.2709
77650 0.271573
77700 0.258985
77750 0.25999
77800 0.271434
77850 0.270846
77900 0.270668
77950 0.272128
78000 0.256979
78050 0.270187
78100 0.271695
78150 0.273193
78200 0.27096
78250 0.274227
78300 0.27332
78350 0.273678
78400 0.269803
78450 0.274613
78500 0.272477
78550 0.272375
78600 0.262441
78650 0.263019
78700 0.26717
78750 0.268534
78800 0.271841
78850 0.273212
78900 0.275346
78950 0.273747
79000 0.271786
79050 0.275579
79100 0.263579
79150 0.274393
79200 0.272961
79250 0.271549
79300 0.27493
79350 0.273779
79400 0.27202
79450 0.270345
79500 0.274899
79550 0.275975
79600 0.276138
79650 0.277379
79700 0.275962
79750 0.269638
79800 0.273179
79850 0.278566
79900 0.273481
79950 0.276906
80000 0.274184
80050 0.27217
80100 0.272772
80150 0.269069
80200 0.273015
80250 0.277767
80300 0.27653
80350 0.281318
80400 0.278507
80450 0.276376
80500 0.281107
80550 0.281122
80600 0.278498
80650 0.266878
80700 0.276274
80750 0.27935
80800 0.263829
80850 0.28011
80900 0.275681
80950 0.279509
81000 0.278239
81050 0.281387
81100 0.266386
81150 0.281011
81200 0.280517
81250 0.283182
81300 0.275437
81350 0.275974
81400 0.278344
81450 0.280662
81500 0.256683
81550 0.277844
81600 0.280457
81650 0.283385
81700 0.281842
81750 0.282382
81800 0.281965
81850 0.268964
81900 0.236255
81950 0.259633
82000 0.255228
82050 0.229832
82100 0.25898
82150 0.284067
82200 0.2672
82250 0.282435
82300 0.285351
82350 0.287228
82400 0.285194
82450 0.287504
82500 0.287646
82550 0.27995
82600 0.267834
82650 0.287339
82700 0.271406
82750 0.287259
82800 0.284649
82850 0.287756
82900 0.285878
82950 0.289041
83000 0.278357
83050 0.286543
83100 0.285141
83150 0.27663
83200 0.272233
83250 0.289157
83300 0.286466
83350 0.279483
83400 0.288206
83450 0.261079
83500 0.272601
83550 0.28432
83600 0.289284
83650 0.291508
83700 0.289827
83750 0.288936
83800 0.288186
83850 0.292892
83900 0.28862
83950 0.291791
84000 0.28758
84050 0.290186
84100 0.289205
84150 0.292783
84200 0.287837
84250 0.265212
84300 0.29202
84350 0.29355
84400 0.293709
84450 0.289806
84500 0.286516
84550 0.29141
84600 0.292629
84650 0.294438
84700 0.295184
84750 0.294087
84800 0.29214
84850 0.29292
84900 0.294027
84950 0.294938
85000 0.29337
85050 0.294397
85100 0.285455
85150 0.299862
85200 0.29709
85250 0.299158
85300 0.286494
85350 0.296612
85400 0.285577
85450 0.293176
85500 0.294053
85550 0.292291
85600 0.292576
85650 0.294991
85700 0.264915
85750 0.275437
85800 0.258669
85850 0.246903
85900 0.284315
85950 0.296173
86000 0.288207
86050 0.29239
86100 0.289101
86150 0.290054
86200 0.292614
86250 0.296377
86300 0.279522
86350 0.296432
86400 0.299598
86450 0.300975
86500 0.29803
86550 0.300604
86600 0.296588
86650 0.304111
86700 0.303906
86750 0.255214
86800 0.253564
86850 0.256405
86900 0.256339
86950 0.271407
87000 0.291674
87050 0.286882
87100 0.28758
87150 0.293951
87200 0.284258
87250 0.293759
87300 0.294744
87350 0.297112
87400 0.284098
87450 0.30116
87500 0.298295
87550 0.299871
87600 0.302823
87650 0.30107
87700 0.305988
87750 0.307332
87800 0.290816
87850 0.276655
87900 0.284794
87950 0.295831
88000 0.292166
88050 0.275516
88100 0.284203
88150 0.290927
88200 0.260796
88250 0.280971
88300 0.287016
88350 0.273436
88400 0.291152
88450 0.29269
88500 0.294191
88550 0.300139
88600 0.30682
88650 0.305589
88700 0.297142
88750 0.304878
88800 0.310261
88850 0.303603
88900 0.309571
88950 0.276257
89000 0.291149
89050 0.2902
89100 0.286274
89150 0.284506
89200 0.284141
89250 0.31272
89300 0.304664
89350 0.308832
89400 0.30665
89450 0.308719
89500 0.307421
89550 0.308036
89600 0.311206
89650 0.313384
89700 0.312099
89750 0.315452
89800 0.308455
89850 0.314141
89900 0.314543
89950 0.315916
90000 0.314699
90050 0.31716
90100 0.307931
90150 0.316292
90200 0.313772
90250 0.314747
90300 0.312921
90350 0.31296
90400 0.31014
90450 0.308
90500 0.315863
90550 0.314057
90600 0.314299
90650 0.316283
90700 0.315682
90750 0.308968
90800 0.316686
90850 0.318423
90900 0.316506
90950 0.318874
91000 0.316723
91050 0.319287
91100 0.317034
91150 0.318832
91200 0.31643
91250 0.319331
91300 0.318149
91350 0.319283
91400 0.314858
91450 0.319921
91500 0.319281
91550 0.32227
91600 0.320624
91650 0.315696
91700 0.310299
91750 0.323048
91800 0.319696
91850 0.322709
91900 0.321647
91950 0.322708
92000 0.321485
92050 0.322689
92100 0.321913
92150 0.317132
92200 0.318722
92250 0.293208
92300 0.309913
92350 0.314506
92400 0.317302
92450 0.318697
92500 0.323516
92550 0.321081
92600 0.312965
92650 0.322381
92700 0.319243
92750 0.309456
92800 0.311015
92850 0.30334
92900 0.32032
92950 0.322964
93000 0.323
93050 0.324447
93100 0.325756
93150 0.324253
93200 0.320717
93250 0.320933
93300 0.315958
93350 0.323145
93400 0.32095
93450 0.324204
93500 0.313672
93550 0.323555
93600 0.320963
93650 0.325717
93700 0.321736
93750 0.326111
93800 0.324989
93850 0.32415
93900 0.321556
93950 0.324312
94000 0.324085
94050 0.318679
94100 0.312073
94150 0.31884
94200 0.318102
94250 0.308626
94300 0.302657
94350 0.326244
94400 0.326201
94450 0.323917
94500 0.32594
94550 0.329062
94600 0.328205
94650 0.329194
94700 0.329659
94750 0.302105
94800 0.328502
94850 0.330578
94900 0.330438
94950 0.330691
95000 0.329839
95050 0.330874
95100 0.330736
95150 0.331407
95200 0.331296
95250 0.332277
95300 0.331119
95350 0.326402
95400 0.331094
95450 0.333226
95500 0.332628
95550 0.33286
95600 0.333046
95650 0.332075
95700 0.331501
95750 0.331614
95800 0.33019
95850 0.333242
95900 0.331348
95950 0.332606
96000 0.331809
96050 0.334117
96100 0.332702
96150 0.333493
96200 0.335279
96250 0.328929
96300 0.333883
96350 0.334361
96400 0.332381
96450 0.335168
96500 0.332063
96550 0.336085
96600 0.334135
96650 0.321701
96700 0.334347
96750 0.333846
96800 0.332705
96850 0.33669
96900 0.33478
96950 0.336114
97000 0.335146
97050 0.337036
97100 0.333488
97150 0.338311
97200 0.314114
97250 0.33833
97300 0.337112
97350 0.338987
97400 0.337595
97450 0.339767
97500 0.338139
97550 0.339739
97600 0.342446
97650 0.34004
97700 0.336146
97750 0.341983
97800 0.337383
97850 0.34005
97900 0.338331
97950 0.33926
98000 0.335983
98050 0.343183
98100 0.341755
98150 0.342833
98200 0.344065
98250 0.34498
98300 0.343837
98350 0.345583
98400 0.343622
98450 0.34535
98500 0.343557
98550 0.345447
98600 0.345195
98650 0.34711
98700 0.344586
98750 0.346477
98800 0.344102
98850 0.345288
98900 0.345579
98950 0.345918
99000 0.344329
99050 0.347956
99100 0.339577
99150 0.348483
99200 0.342666
99250 0.347415
99300 0.344145
99350 0.343886
99400 0.336935
99450 0.352033
99500 0.347743
99550 0.346474
99600 0.34954
99650 0.347757
99700 0.344784
99750 0.348318
99800 0.344776
99850 0.350114
99900 0.347794
99950 0.350863
100000 0.349411
